CAM1-GOPR0333-21157	10	697.9	283.5	
CAM1-GOPR0333-21157	11	719.6	281.4	
CAM1-GOPR0333-21157	12	739.9	279.3	
CAM1-GOPR0333-21157	13	759.5	278.6	
CAM1-GOPR0333-21157	14	775.6	278.6	
CAM1-GOPR0333-21157	15	798	274.4	
CAM1-GOPR0333-21157	16	819	276.5	
CAM1-GOPR0333-21157	17	838.6	275.1	
CAM1-GOPR0333-21157	18	856.8	275.8	
CAM1-GOPR0333-21157	185	593.444	336.778	
CAM1-GOPR0333-21157	19	872.9	278.6	
CAM1-GOPR0333-21157	20	893.9	278.6	
CAM1-GOPR0333-21157	21	909.3	280.7	
CAM1-GOPR0333-21157	214	808.5	182	
CAM1-GOPR0333-21157	22	928.9	280.7	
CAM1-GOPR0333-21157	23	943.6	283.5	
CAM1-GOPR0333-21157	232	595	338	
CAM1-GOPR0333-21157	24	963.2	286.3	
CAM1-GOPR0333-21157	25	980	287	
CAM1-GOPR0333-21157	26	994.7	291.2	
CAM1-GOPR0333-21157	263	605.5	308	
CAM1-GOPR0333-21157	27	1011.5	292.6	
CAM1-GOPR0333-21157	28	1028.3	298.9	
CAM1-GOPR0333-21157	29	1043.7	301.7	
CAM1-GOPR0333-21157	3	564.375	316.75	
CAM1-GOPR0333-21157	30	1057	306.6	
CAM1-GOPR0333-21157	31	1071	310.8	
CAM1-GOPR0333-21157	32	1085.7	315.7	
CAM1-GOPR0333-21157	33	1099	321.3	
CAM1-GOPR0333-21157	34	1112.3	326.9	
CAM1-GOPR0333-21157	35	1123.5	330.4	
CAM1-GOPR0333-21157	36	1136.1	335.3	
CAM1-GOPR0333-21157	37	1150.1	342.3	
CAM1-GOPR0333-21157	38	1159.2	348.6	
CAM1-GOPR0333-21157	39	1173.9	355.6	
CAM1-GOPR0333-21157	4	573.3	312.9	
CAM1-GOPR0333-21157	40	1183	360.5	
CAM1-GOPR0333-21157	41	1193.5	365.4	
CAM1-GOPR0333-21157	42	1207.5	359.1	
CAM1-GOPR0333-21157	43	1221.5	352.1	
CAM1-GOPR0333-21157	44	1232.7	346.5	
CAM1-GOPR0333-21157	45	1243.9	340.2	
CAM1-GOPR0333-21157	46	1256.5	332.5	
CAM1-GOPR0333-21157	47	1270.5	329	
CAM1-GOPR0333-21157	48	1284.5	322	
CAM1-GOPR0333-21157	49	1292.9	316.4	
CAM1-GOPR0333-21157	5	593.6	304.5	
CAM1-GOPR0333-21157	50	1304.1	313.6	
CAM1-GOPR0333-21157	51	1316.7	309.4	
CAM1-GOPR0333-21157	52	1326.5	306.6	
CAM1-GOPR0333-21157	53	1337.7	301.7	
CAM1-GOPR0333-21157	54	1347.5	299.6	
CAM1-GOPR0333-21157	55	1359.4	296.1	
CAM1-GOPR0333-21157	56	1368.5	292.6	
CAM1-GOPR0333-21157	57	1374.1	292.6	
CAM1-GOPR0333-21157	58	1385.3	289.8	
CAM1-GOPR0333-21157	59	1378.22	294	
CAM1-GOPR0333-21157	6	612.5	300.3	
CAM1-GOPR0333-21157	7	635.6	294.7	
CAM1-GOPR0333-21157	8	655.9	291.2	
CAM1-GOPR0333-21157	85	859	157	
CAM1-GOPR0333-21157	9	676.2	287.7	
CAM1-GOPR0333-21157	99	867	166	
CAM1-GOPR0333-25390	10	661.5	285.6	
CAM1-GOPR0333-25390	11	683.9	279.3	
CAM1-GOPR0333-25390	12	707	275.1	
CAM1-GOPR0333-25390	13	725.9	271.6	
CAM1-GOPR0333-25390	133	942	312	
CAM1-GOPR0333-25390	138	594	336	
CAM1-GOPR0333-25390	14	752.5	266.7	
CAM1-GOPR0333-25390	15	770	266	
CAM1-GOPR0333-25390	16	789.6	261.8	
CAM1-GOPR0333-25390	17	814.1	260.4	
CAM1-GOPR0333-25390	18	833	259	
CAM1-GOPR0333-25390	19	851.9	259.7	
CAM1-GOPR0333-25390	199	593.25	336.875	
CAM1-GOPR0333-25390	20	872.9	259.7	
CAM1-GOPR0333-25390	21	891.8	259	
CAM1-GOPR0333-25390	22	907.9	261.1	
CAM1-GOPR0333-25390	23	930.3	260.4	
CAM1-GOPR0333-25390	24	946.4	259.7	
CAM1-GOPR0333-25390	25	966.7	263.9	
CAM1-GOPR0333-25390	26	980.7	264.6	
CAM1-GOPR0333-25390	27	998.9	265.3	
CAM1-GOPR0333-25390	28	1016.4	268.8	
CAM1-GOPR0333-25390	29	1031.8	271.6	
CAM1-GOPR0333-25390	30	1047.9	275.8	
CAM1-GOPR0333-25390	31	1063.3	277.9	
CAM1-GOPR0333-25390	32	1077.3	282.1	
CAM1-GOPR0333-25390	33	1091.3	284.9	
CAM1-GOPR0333-25390	34	1108.1	291.2	
CAM1-GOPR0333-25390	35	1120.7	294.7	
CAM1-GOPR0333-25390	36	1133.3	298.9	
CAM1-GOPR0333-25390	37	1147.3	305.9	
CAM1-GOPR0333-25390	38	1158.5	309.4	
CAM1-GOPR0333-25390	39	1172.5	315	
CAM1-GOPR0333-25390	40	1183	321.3	
CAM1-GOPR0333-25390	41	1194.9	327.6	
CAM1-GOPR0333-25390	42	1203.3	333.9	
CAM1-GOPR0333-25390	43	1216.6	340.2	
CAM1-GOPR0333-25390	44	1227.1	344.4	
CAM1-GOPR0333-25390	45	1235.5	350	
CAM1-GOPR0333-25390	46	1249.5	357	
CAM1-GOPR0333-25390	47	1256.5	359.1	
CAM1-GOPR0333-25390	48	1264.9	351.4	
CAM1-GOPR0333-25390	49	1275.4	345.1	
CAM1-GOPR0333-25390	5	570.5	317.8	
CAM1-GOPR0333-25390	50	1284.5	337.4	
CAM1-GOPR0333-25390	51	1291.5	334.6	
CAM1-GOPR0333-25390	52	1304.1	327.6	
CAM1-GOPR0333-25390	53	1312.5	322	
CAM1-GOPR0333-25390	54	1320.9	316.4	
CAM1-GOPR0333-25390	55	1329.3	314.3	
CAM1-GOPR0333-25390	56	1338.4	308	
CAM1-GOPR0333-25390	57	1345.4	305.2	
CAM1-GOPR0333-25390	58	1354.5	299.6	
CAM1-GOPR0333-25390	59	1361.5	297.5	
CAM1-GOPR0333-25390	6	575.4	309.4	
CAM1-GOPR0333-25390	60	1370.6	294	
CAM1-GOPR0333-25390	61	1376.9	291.9	
CAM1-GOPR0333-25390	62	1386	288.4	
CAM1-GOPR0333-25390	63	1388	287	
CAM1-GOPR0333-25390	7	597.8	301.7	
CAM1-GOPR0333-25390	8	619.5	296.1	
CAM1-GOPR0333-25390	9	639.8	288.4	
CAM1-GOPR0333-28114	1	943.6	371	
CAM1-GOPR0333-28114	100	915.6	378	
CAM1-GOPR0333-28114	101	915.6	378	
CAM1-GOPR0333-28114	102	914.9	375.9	
CAM1-GOPR0333-28114	103	917	374.5	
CAM1-GOPR0333-28114	104	917	372.4	
CAM1-GOPR0333-28114	105	914.9	373.1	
CAM1-GOPR0333-28114	106	914.9	373.1	
CAM1-GOPR0333-28114	107	914.9	373.1	
CAM1-GOPR0333-28114	108	913.5	376.6	
CAM1-GOPR0333-28114	109	914.2	375.9	
CAM1-GOPR0333-28114	110	913.5	376.6	
CAM1-GOPR0333-28114	111	913.5	376.6	
CAM1-GOPR0333-28114	112	913.5	376.6	
CAM1-GOPR0333-28114	113	912.8	374.5	
CAM1-GOPR0333-28114	114	911.4	374.5	
CAM1-GOPR0333-28114	115	912.1	373.8	
CAM1-GOPR0333-28114	116	912.1	373.1	
CAM1-GOPR0333-28114	117	912.1	373.8	
CAM1-GOPR0333-28114	118	912.1	373.8	
CAM1-GOPR0333-28114	119	910	376.6	
CAM1-GOPR0333-28114	120	911.4	378	
CAM1-GOPR0333-28114	121	911.4	378	
CAM1-GOPR0333-28114	122	910	376.6	
CAM1-GOPR0333-28114	123	910	376.6	
CAM1-GOPR0333-28114	124	910	372.4	
CAM1-GOPR0333-28114	125	910	372.4	
CAM1-GOPR0333-28114	126	910	372.4	
CAM1-GOPR0333-28114	127	910	374.5	
CAM1-GOPR0333-28114	128	908.6	374.5	
CAM1-GOPR0333-28114	129	910	378	
CAM1-GOPR0333-28114	130	910	378	
CAM1-GOPR0333-28114	131	908.6	374.5	
CAM1-GOPR0333-28114	132	908.6	374.5	
CAM1-GOPR0333-28114	133	908.6	374.5	
CAM1-GOPR0333-28114	134	908.6	374.5	
CAM1-GOPR0333-28114	135	908.6	374.5	
CAM1-GOPR0333-28114	136	908.6	374.5	
CAM1-GOPR0333-28114	137	908.6	374.5	
CAM1-GOPR0333-28114	138	908.6	378	
CAM1-GOPR0333-28114	139	906.5	376.6	
CAM1-GOPR0333-28114	140	908.6	374.5	
CAM1-GOPR0333-28114	141	908.6	374.5	
CAM1-GOPR0333-28114	142	907.2	375.2	
CAM1-GOPR0333-28114	143	907.2	375.2	
CAM1-GOPR0333-28114	144	907.2	375.2	
CAM1-GOPR0333-28114	145	907.2	375.9	
CAM1-GOPR0333-28114	146	906.5	376.6	
CAM1-GOPR0333-28114	147	906.5	376.6	
CAM1-GOPR0333-28114	148	906.5	376.6	
CAM1-GOPR0333-28114	149	905.1	373.8	
CAM1-GOPR0333-28114	150	905.1	373.8	
CAM1-GOPR0333-28114	151	905.1	373.8	
CAM1-GOPR0333-28114	152	905.1	373.8	
CAM1-GOPR0333-28114	153	903	376.6	
CAM1-GOPR0333-28114	154	904.4	378	
CAM1-GOPR0333-28114	155	904.4	378	
CAM1-GOPR0333-28114	156	903	376.6	
CAM1-GOPR0333-28114	157	904.4	374.5	
CAM1-GOPR0333-28114	158	903	374.5	
CAM1-GOPR0333-28114	159	903	374.5	
CAM1-GOPR0333-28114	160	903	376.6	
CAM1-GOPR0333-28114	161	903	378	
CAM1-GOPR0333-28114	162	909.3	373.1	
CAM1-GOPR0333-28114	163	903	376.6	
CAM1-GOPR0333-28114	164	903	372.4	
CAM1-GOPR0333-28114	165	901.6	374.5	
CAM1-GOPR0333-28114	166	903	372.4	
CAM1-GOPR0333-28114	167	903	376.6	
CAM1-GOPR0333-28114	168	901.6	378	
CAM1-GOPR0333-28114	169	901.6	378	
CAM1-GOPR0333-28114	170	900.9	375.9	
CAM1-GOPR0333-28114	171	901.6	374.5	
CAM1-GOPR0333-28114	172	901.6	374.5	
CAM1-GOPR0333-28114	173	901.6	374.5	
CAM1-GOPR0333-28114	174	900.9	375.9	
CAM1-GOPR0333-28114	175	901.6	378	
CAM1-GOPR0333-28114	176	900.667	377.222	
CAM1-GOPR0333-28114	177	901.6	374.5	
CAM1-GOPR0333-28114	178	901.6	374.5	
CAM1-GOPR0333-28114	179	901.6	374.5	
CAM1-GOPR0333-28114	180	901.6	374.5	
CAM1-GOPR0333-28114	181	899.5	376.6	
CAM1-GOPR0333-28114	182	899.5	376.6	
CAM1-GOPR0333-28114	183	901.6	374.5	
CAM1-GOPR0333-28114	184	901.6	374.5	
CAM1-GOPR0333-28114	185	901.6	374.5	
CAM1-GOPR0333-28114	186	900.2	375.9	
CAM1-GOPR0333-28114	187	899.5	376.6	
CAM1-GOPR0333-28114	188	899.5	376.6	
CAM1-GOPR0333-28114	189	900.2	373.8	
CAM1-GOPR0333-28114	190	900.2	375.9	
CAM1-GOPR0333-28114	191	900.2	375.9	
CAM1-GOPR0333-28114	192	899.5	376.6	
CAM1-GOPR0333-28114	193	899.5	376.6	
CAM1-GOPR0333-28114	194	899.5	375.2	
CAM1-GOPR0333-28114	195	898.8	374.5	
CAM1-GOPR0333-28114	196	898.8	374.5	
CAM1-GOPR0333-28114	197	897.4	378	
CAM1-GOPR0333-28114	198	897.4	378	
CAM1-GOPR0333-28114	199	898.1	375.9	
CAM1-GOPR0333-28114	2	943.6	371	
CAM1-GOPR0333-28114	200	898.1	375.9	
CAM1-GOPR0333-28114	201	898.1	375.9	
CAM1-GOPR0333-28114	202	898.1	375.9	
CAM1-GOPR0333-28114	203	897.4	378	
CAM1-GOPR0333-28114	204	898.1	375.9	
CAM1-GOPR0333-28114	205	896	374.5	
CAM1-GOPR0333-28114	206	898.1	375.9	
CAM1-GOPR0333-28114	207	897.4	378	
CAM1-GOPR0333-28114	208	896	376.6	
CAM1-GOPR0333-28114	209	896	374.5	
CAM1-GOPR0333-28114	210	896	374.5	
CAM1-GOPR0333-28114	211	896.7	375.9	
CAM1-GOPR0333-28114	212	896.7	375.9	
CAM1-GOPR0333-28114	213	896	374.5	
CAM1-GOPR0333-28114	214	896	374.5	
CAM1-GOPR0333-28114	215	896	376.6	
CAM1-GOPR0333-28114	216	896	376.6	
CAM1-GOPR0333-28114	217	896	374.5	
CAM1-GOPR0333-28114	218	896	376.6	
CAM1-GOPR0333-28114	219	896	376.6	
CAM1-GOPR0333-28114	220	896	376.6	
CAM1-GOPR0333-28114	221	896	374.5	
CAM1-GOPR0333-28114	222	896	376.6	
CAM1-GOPR0333-28114	223	896	376.6	
CAM1-GOPR0333-28114	224	896	376.6	
CAM1-GOPR0333-28114	225	896	376.6	
CAM1-GOPR0333-28114	226	896	376.6	
CAM1-GOPR0333-28114	227	896	374.5	
CAM1-GOPR0333-28114	228	896	374.5	
CAM1-GOPR0333-28114	229	896	376.6	
CAM1-GOPR0333-28114	230	896	374.5	
CAM1-GOPR0333-28114	231	896	374.5	
CAM1-GOPR0333-28114	232	896	374.5	
CAM1-GOPR0333-28114	233	896	374.5	
CAM1-GOPR0333-28114	234	896	374.5	
CAM1-GOPR0333-28114	235	896	374.5	
CAM1-GOPR0333-28114	236	896	374.5	
CAM1-GOPR0333-28114	237	896	374.5	
CAM1-GOPR0333-28114	238	896	374.5	
CAM1-GOPR0333-28114	239	896	374.5	
CAM1-GOPR0333-28114	240	896	374.5	
CAM1-GOPR0333-28114	241	896	374.5	
CAM1-GOPR0333-28114	242	893.9	375.9	
CAM1-GOPR0333-28114	243	893.9	375.9	
CAM1-GOPR0333-28114	244	893.9	375.9	
CAM1-GOPR0333-28114	245	893.9	375.9	
CAM1-GOPR0333-28114	246	893.9	375.9	
CAM1-GOPR0333-28114	247	893.9	375.9	
CAM1-GOPR0333-28114	248	893.9	375.9	
CAM1-GOPR0333-28114	249	893.9	375.9	
CAM1-GOPR0333-28114	250	893.9	375.9	
CAM1-GOPR0333-28114	251	893.9	375.9	
CAM1-GOPR0333-28114	252	893.9	375.9	
CAM1-GOPR0333-28114	253	893.9	375.9	
CAM1-GOPR0333-28114	254	893.9	375.9	
CAM1-GOPR0333-28114	255	893.9	375.9	
CAM1-GOPR0333-28114	256	893.9	375.9	
CAM1-GOPR0333-28114	257	892.5	376.6	
CAM1-GOPR0333-28114	258	892.5	374.5	
CAM1-GOPR0333-28114	259	892.5	374.5	
CAM1-GOPR0333-28114	260	892.5	374.5	
CAM1-GOPR0333-28114	261	892.5	374.5	
CAM1-GOPR0333-28114	262	892.5	374.5	
CAM1-GOPR0333-28114	263	892.5	374.5	
CAM1-GOPR0333-28114	264	892.5	374.5	
CAM1-GOPR0333-28114	265	892.5	374.5	
CAM1-GOPR0333-28114	266	892.5	374.5	
CAM1-GOPR0333-28114	267	893.2	373.8	
CAM1-GOPR0333-28114	268	893.2	373.8	
CAM1-GOPR0333-28114	269	893.2	373.8	
CAM1-GOPR0333-28114	270	892.5	372.4	
CAM1-GOPR0333-28114	3	943.6	371	
CAM1-GOPR0333-28114	55	928.2	373.1	
CAM1-GOPR0333-28114	56	929.6	371	
CAM1-GOPR0333-28114	57	928.2	373.1	
CAM1-GOPR0333-28114	58	926.1	373.1	
CAM1-GOPR0333-28114	59	925.4	371	
CAM1-GOPR0333-28114	60	925.4	371	
CAM1-GOPR0333-28114	61	925.4	371	
CAM1-GOPR0333-28114	62	926.1	373.1	
CAM1-GOPR0333-28114	63	926.1	373.8	
CAM1-GOPR0333-28114	64	924	376.6	
CAM1-GOPR0333-28114	65	925.4	378	
CAM1-GOPR0333-28114	66	924	378	
CAM1-GOPR0333-28114	67	924	376.6	
CAM1-GOPR0333-28114	68	924	374.5	
CAM1-GOPR0333-28114	69	924	372.4	
CAM1-GOPR0333-28114	70	924	372.4	
CAM1-GOPR0333-28114	71	924	372.4	
CAM1-GOPR0333-28114	72	924	372.4	
CAM1-GOPR0333-28114	73	924	372.4	
CAM1-GOPR0333-28114	74	924	372.4	
CAM1-GOPR0333-28114	75	922.6	374.5	
CAM1-GOPR0333-28114	76	921.9	375.9	
CAM1-GOPR0333-28114	77	922.6	378	
CAM1-GOPR0333-28114	78	922.6	378	
CAM1-GOPR0333-28114	79	921.2	375.9	
CAM1-GOPR0333-28114	80	921.2	375.9	
CAM1-GOPR0333-28114	81	920.5	372.4	
CAM1-GOPR0333-28114	82	920.5	372.4	
CAM1-GOPR0333-28114	83	920.5	372.4	
CAM1-GOPR0333-28114	84	920.5	372.4	
CAM1-GOPR0333-28114	85	919.1	373.1	
CAM1-GOPR0333-28114	86	921.2	373.1	
CAM1-GOPR0333-28114	87	919.8	374.5	
CAM1-GOPR0333-28114	88	918.4	378	
CAM1-GOPR0333-28114	89	918.4	378	
CAM1-GOPR0333-28114	9	942.667	377.222	
CAM1-GOPR0333-28114	90	918.4	378	
CAM1-GOPR0333-28114	91	917	376.6	
CAM1-GOPR0333-28114	92	917	374.5	
CAM1-GOPR0333-28114	93	917	372.4	
CAM1-GOPR0333-28114	94	917	372.4	
CAM1-GOPR0333-28114	95	917	372.4	
CAM1-GOPR0333-28114	96	917	372.4	
CAM1-GOPR0333-28114	97	917	372.4	
CAM1-GOPR0333-28114	98	914.9	375.9	
CAM1-GOPR0333-28114	99	914.9	375.9	
CAM1-GOPR0333-31464	10	716.8	268.1	
CAM1-GOPR0333-31464	101	1358	315	
CAM1-GOPR0333-31464	105	1354.5	315	
CAM1-GOPR0333-31464	11	742	262.5	
CAM1-GOPR0333-31464	12	764.4	256.2	
CAM1-GOPR0333-31464	13	789.6	251.3	
CAM1-GOPR0333-31464	14	820.4	247.8	
CAM1-GOPR0333-31464	15	843.5	241.5	
CAM1-GOPR0333-31464	16	868	238	
CAM1-GOPR0333-31464	160	597.8	336.7	
CAM1-GOPR0333-31464	17	893.2	233.8	
CAM1-GOPR0333-31464	18	916.3	229.6	
CAM1-GOPR0333-31464	19	941.5	224.7	
CAM1-GOPR0333-31464	2	1355	314	
CAM1-GOPR0333-31464	20	962.5	222.6	
CAM1-GOPR0333-31464	21	983.5	222.6	
CAM1-GOPR0333-31464	22	1005.2	219.8	
CAM1-GOPR0333-31464	23	1026.9	216.3	
CAM1-GOPR0333-31464	24	1043.7	215.6	
CAM1-GOPR0333-31464	243	624.556	333.667	
CAM1-GOPR0333-31464	248	1366.75	294	
CAM1-GOPR0333-31464	25	1065.4	215.6	
CAM1-GOPR0333-31464	251	1390.9	268.1	
CAM1-GOPR0333-31464	252	1385.3	273.7	
CAM1-GOPR0333-31464	253	1384.44	273.778	
CAM1-GOPR0333-31464	254	1389.5	263.9	
CAM1-GOPR0333-31464	255	1389.89	268.333	
CAM1-GOPR0333-31464	257	1386.7	262.5	
CAM1-GOPR0333-31464	258	1386.7	262.5	
CAM1-GOPR0333-31464	259	1387.4	262.5	
CAM1-GOPR0333-31464	26	1087.1	211.4	
CAM1-GOPR0333-31464	260	1388.8	263.9	
CAM1-GOPR0333-31464	261	1388.8	263.9	
CAM1-GOPR0333-31464	262	1388.8	264.6	
CAM1-GOPR0333-31464	263	1386.7	261.8	
CAM1-GOPR0333-31464	264	1386.7	263.9	
CAM1-GOPR0333-31464	265	1389.5	268.1	
CAM1-GOPR0333-31464	266	1388.8	266	
CAM1-GOPR0333-31464	267	1388.8	262.5	
CAM1-GOPR0333-31464	268	1388.1	262.5	
CAM1-GOPR0333-31464	269	1390.2	267.4	
CAM1-GOPR0333-31464	27	1105.3	211.4	
CAM1-GOPR0333-31464	270	1389.5	263.2	
CAM1-GOPR0333-31464	271	1388.1	267.4	
CAM1-GOPR0333-31464	28	1124.9	210.7	
CAM1-GOPR0333-31464	29	1141	211.4	
CAM1-GOPR0333-31464	30	1158.5	210	
CAM1-GOPR0333-31464	31	1176	211.4	
CAM1-GOPR0333-31464	32	1190	211.4	
CAM1-GOPR0333-31464	33	1206.8	210	
CAM1-GOPR0333-31464	34	1225	213.111	
CAM1-GOPR0333-31464	35	1238.22	214.667	
CAM1-GOPR0333-31464	36	1253	215.6	
CAM1-GOPR0333-31464	37	1268.4	216.3	
CAM1-GOPR0333-31464	38	1281	217	
CAM1-GOPR0333-31464	39	1297.33	219.333	
CAM1-GOPR0333-31464	4	565.6	311.5	
CAM1-GOPR0333-31464	49	1357.3	336.7	
CAM1-GOPR0333-31464	5	580.3	306.6	
CAM1-GOPR0333-31464	50	1357.3	336.7	
CAM1-GOPR0333-31464	51	1362.2	331.8	
CAM1-GOPR0333-31464	52	1358	336	
CAM1-GOPR0333-31464	53	1357.3	336	
CAM1-GOPR0333-31464	54	1362.2	332.5	
CAM1-GOPR0333-31464	55	1364.3	331.1	
CAM1-GOPR0333-31464	56	1360.8	333.9	
CAM1-GOPR0333-31464	57	1360.8	332.5	
CAM1-GOPR0333-31464	58	1367.1	330.4	
CAM1-GOPR0333-31464	59	1366.4	330.4	
CAM1-GOPR0333-31464	6	611.8	296.1	
CAM1-GOPR0333-31464	60	1367.1	330.4	
CAM1-GOPR0333-31464	61	1364.3	332.5	
CAM1-GOPR0333-31464	62	1362.9	332.5	
CAM1-GOPR0333-31464	63	1361.5	332.5	
CAM1-GOPR0333-31464	64	1361.5	331.8	
CAM1-GOPR0333-31464	65	1361.5	331.8	
CAM1-GOPR0333-31464	66	1363.6	331.8	
CAM1-GOPR0333-31464	67	1362.2	331.1	
CAM1-GOPR0333-31464	68	1367.1	326.9	
CAM1-GOPR0333-31464	69	1367.1	328.3	
CAM1-GOPR0333-31464	7	639.1	287.7	
CAM1-GOPR0333-31464	70	1365.7	327.6	
CAM1-GOPR0333-31464	71	1367.1	326.9	
CAM1-GOPR0333-31464	72	1367.1	326.2	
CAM1-GOPR0333-31464	73	1367.1	326.9	
CAM1-GOPR0333-31464	74	1367.1	326.2	
CAM1-GOPR0333-31464	75	1368.5	326.9	
CAM1-GOPR0333-31464	76	1370.6	325.5	
CAM1-GOPR0333-31464	77	1370.6	325.5	
CAM1-GOPR0333-31464	78	1366.4	324.8	
CAM1-GOPR0333-31464	79	1366.4	324.8	
CAM1-GOPR0333-31464	8	664.3	281.4	
CAM1-GOPR0333-31464	80	1370.6	325.5	
CAM1-GOPR0333-31464	81	1366.4	324.8	
CAM1-GOPR0333-31464	82	1367.33	323.556	
CAM1-GOPR0333-31464	83	1369.67	321.222	
CAM1-GOPR0333-31464	84	1373.4	322.7	
CAM1-GOPR0333-31464	85	1374.1	322.7	
CAM1-GOPR0333-31464	86	1375.5	322	
CAM1-GOPR0333-31464	87	1374.62	322.875	
CAM1-GOPR0333-31464	88	1372	326.667	
CAM1-GOPR0333-31464	89	1374.8	321.3	
CAM1-GOPR0333-31464	9	691.6	273	
CAM1-GOPR0333-31464	90	1377.6	320.6	
CAM1-GOPR0333-31464	91	1379	319.9	
CAM1-GOPR0333-31464	92	1369.2	323.4	
CAM1-GOPR0333-31464	93	1372.7	320.6	
CAM1-GOPR0333-31464	96	1368.5	317.625	
CAM1-GOPR0333-31464	97	1360.1	316.4	
CAM1-GOPR0333-31464	98	1360.62	316.75	
CAM1-GOPR0333-34217	107	922.444	336.778	
CAM1-GOPR0333-34217	109	920.889	336	
CAM1-GOPR0333-34217	123	921.667	328.222	
CAM1-GOPR0333-34217	141	920.5	336.875	
CAM1-GOPR0333-34217	152	921.667	337.556	
CAM1-GOPR0333-34217	153	919.333	331.333	
CAM1-GOPR0333-34217	154	921.2	338.8	
CAM1-GOPR0333-34217	156	922.444	338.333	
CAM1-GOPR0333-34217	159	922	336	
CAM1-GOPR0333-34217	16	892.111	229.444	
CAM1-GOPR0333-34217	162	920.5	339.5	
CAM1-GOPR0333-34217	163	920.5	336.875	
CAM1-GOPR0333-34217	165	920.5	336.875	
CAM1-GOPR0333-34217	166	920.111	338.333	
CAM1-GOPR0333-34217	168	920.111	338.333	
CAM1-GOPR0333-34217	169	918.75	338.625	
CAM1-GOPR0333-34217	170	920.111	338.333	
CAM1-GOPR0333-34217	171	920.111	338.333	
CAM1-GOPR0333-34217	173	921.667	337.556	
CAM1-GOPR0333-34217	174	920.111	338.333	
CAM1-GOPR0333-34217	176	922.444	337.556	
CAM1-GOPR0333-34217	179	920.5	336.875	
CAM1-GOPR0333-34217	180	921.2	338.8	
CAM1-GOPR0333-34217	181	924	336.7	
CAM1-GOPR0333-34217	182	919.333	339.889	
CAM1-GOPR0333-34217	183	920.5	336.875	
CAM1-GOPR0333-34217	184	920.111	338.333	
CAM1-GOPR0333-34217	185	921.375	337.75	
CAM1-GOPR0333-34217	186	920.111	338.333	
CAM1-GOPR0333-34217	187	920.5	339.5	
CAM1-GOPR0333-34217	188	920.5	336.875	
CAM1-GOPR0333-34217	190	921.667	337.556	
CAM1-GOPR0333-34217	191	923.125	336.875	
CAM1-GOPR0333-34217	193	919.8	334.6	
CAM1-GOPR0333-34217	195	921.9	340.9	
CAM1-GOPR0333-34217	196	920.5	339.5	
CAM1-GOPR0333-34217	197	920.111	332.111	
CAM1-GOPR0333-34217	199	920.111	338.333	
CAM1-GOPR0333-34217	2	921.9	344.4	
CAM1-GOPR0333-34217	200	920.111	338.333	
CAM1-GOPR0333-34217	201	920.111	338.333	
CAM1-GOPR0333-34217	204	920.111	338.333	
CAM1-GOPR0333-34217	208	921.667	339.111	
CAM1-GOPR0333-34217	209	921.375	337.75	
CAM1-GOPR0333-34217	210	921.375	337.75	
CAM1-GOPR0333-34217	212	920.111	338.333	
CAM1-GOPR0333-34217	213	920.111	332.889	
CAM1-GOPR0333-34217	214	920.111	332.889	
CAM1-GOPR0333-34217	215	920.5	336.875	
CAM1-GOPR0333-34217	216	920.5	329.7	
CAM1-GOPR0333-34217	218	920.111	338.333	
CAM1-GOPR0333-34217	219	920.111	338.333	
CAM1-GOPR0333-34217	221	922	336	
CAM1-GOPR0333-34217	222	920.111	338.333	
CAM1-GOPR0333-34217	223	920.111	338.333	
CAM1-GOPR0333-34217	226	923.125	336.875	
CAM1-GOPR0333-34217	227	941.111	338.333	
CAM1-GOPR0333-34217	228	920.111	338.333	
CAM1-GOPR0333-34217	229	922.444	332.111	
CAM1-GOPR0333-34217	230	920.889	329.778	
CAM1-GOPR0333-34217	232	921.375	337.75	
CAM1-GOPR0333-34217	233	921.2	330.4	
CAM1-GOPR0333-34217	237	921.375	337.75	
CAM1-GOPR0333-34217	238	921.667	337.556	
CAM1-GOPR0333-34217	239	921.667	333.667	
CAM1-GOPR0333-34217	240	920.111	329	
CAM1-GOPR0333-34217	241	916.222	314.222	
CAM1-GOPR0333-34217	3	921.9	344.4	
CAM1-GOPR0333-34217	46	924	343	
CAM1-GOPR0333-34217	47	923.3	338.8	
CAM1-GOPR0333-34217	50	930.222	340.667	
CAM1-GOPR0333-34217	51	931.875	341.25	
CAM1-GOPR0333-34217	54	924	343	
CAM1-GOPR0333-34217	56	924.875	342.125	
CAM1-GOPR0333-34217	58	924.875	342.125	
CAM1-GOPR0333-34217	60	921.667	342.222	
CAM1-GOPR0333-34217	66	922.444	325.889	
CAM1-GOPR0333-34217	67	924	330.75	
CAM1-GOPR0333-34217	77	918.75	331.625	
CAM1-GOPR0333-34217	78	917.7	329.7	
CAM1-GOPR0333-34217	80	916.125	331.625	
CAM1-GOPR0333-34217	82	916.125	342.125	
CAM1-GOPR0333-34217	84	913.5	322	
CAM1-GOPR0333-34217	90	915	342	
CAM1-GOPR0333-34217	91	915.25	336.875	
CAM1-GOPR0333-34217	96	915.25	336.875	
CAM1-GOPR0334-14238	1	1099	337.4	
CAM1-GOPR0334-14238	109	987.875	335.125	
CAM1-GOPR0334-14238	124	993.222	336	
CAM1-GOPR0334-14238	125	1000.12	340.375	
CAM1-GOPR0334-14238	129	596.556	336	
CAM1-GOPR0334-14238	140	1029	354.667	
CAM1-GOPR0334-14238	156	1354	340	
CAM1-GOPR0334-14238	177	640.111	332.889	
CAM1-GOPR0334-14238	179	913	282	
CAM1-GOPR0334-14238	182	980	329	
CAM1-GOPR0334-14238	183	986.222	337.556	
CAM1-GOPR0334-14238	199	929.833	324.333	
CAM1-GOPR0334-14238	2	1097.6	336	
CAM1-GOPR0334-14238	232	617.75	327.25	
CAM1-GOPR0334-14238	3	1099	336	
CAM1-GOPR0334-14238	39	1066.1	307.3	
CAM1-GOPR0334-14238	4	1099	329	
CAM1-GOPR0334-14238	40	1082.2	310.1	
CAM1-GOPR0334-14238	41	1086.4	311.5	
CAM1-GOPR0334-14238	42	1090.6	313.6	
CAM1-GOPR0334-14238	43	1091.3	313.6	
CAM1-GOPR0334-14238	44	1103.9	315	
CAM1-GOPR0334-14238	45	1106	317.1	
CAM1-GOPR0334-14238	46	1108.8	321.3	
CAM1-GOPR0334-14238	47	1112.3	323.4	
CAM1-GOPR0334-14238	48	1113.7	319.9	
CAM1-GOPR0334-14238	49	1122.1	326.9	
CAM1-GOPR0334-14238	5	1099	329	
CAM1-GOPR0334-14238	50	1127.7	333.9	
CAM1-GOPR0334-14238	51	1130.5	333.9	
CAM1-GOPR0334-14238	52	1133.3	336.7	
CAM1-GOPR0334-14238	53	1136.1	340.2	
CAM1-GOPR0334-14238	54	1133.3	333.9	
CAM1-GOPR0334-14238	55	1142.4	336.7	
CAM1-GOPR0334-14238	56	1138.2	331.8	
CAM1-GOPR0334-14238	57	1138.9	331.1	
CAM1-GOPR0334-14238	6	1099	329	
CAM1-GOPR0334-14238	91	1365	294	
CAM1-GOPR0334-14238	92	1370.6	297.5	
CAM1-GOPR0334-14238	93	1373.4	301	
CAM1-GOPR0334-14238	94	1379	302.4	
CAM1-GOPR0334-14238	95	1379	308	
CAM1-GOPR0334-14238	96	1384.6	308	
CAM1-GOPR0334-14238	97	1386	315	
CAM1-GOPR0334-14238	98	1386.7	316.4	
CAM1-GOPR0334-16875	104	946.4	351.4	
CAM1-GOPR0334-16875	105	946.4	351.4	
CAM1-GOPR0334-16875	106	929.6	342.3	
CAM1-GOPR0334-16875	107	927.111	358.556	
CAM1-GOPR0334-16875	108	925.4	364	
CAM1-GOPR0334-16875	109	923.3	357.7	
CAM1-GOPR0334-16875	111	924	360.5	
CAM1-GOPR0334-16875	112	923.222	357.778	
CAM1-GOPR0334-16875	113	926.8	354.2	
CAM1-GOPR0334-16875	114	923.222	357.778	
CAM1-GOPR0334-16875	115	929.6	356.3	
CAM1-GOPR0334-16875	116	923.222	360.111	
CAM1-GOPR0334-16875	117	929.444	357	
CAM1-GOPR0334-16875	118	928.9	360.5	
CAM1-GOPR0334-16875	119	925.4	364	
CAM1-GOPR0334-16875	122	923.125	356.125	
CAM1-GOPR0334-16875	123	921.9	351.4	
CAM1-GOPR0334-16875	125	932.556	353.111	
CAM1-GOPR0334-16875	126	922.444	343.778	
CAM1-GOPR0334-16875	127	923.125	354.375	
CAM1-GOPR0334-16875	128	924	364	
CAM1-GOPR0334-16875	130	923.3	353.5	
CAM1-GOPR0334-16875	131	927.889	355.444	
CAM1-GOPR0334-16875	132	936.6	352.1	
CAM1-GOPR0334-16875	133	945	351.4	
CAM1-GOPR0334-16875	135	933.333	356.222	
CAM1-GOPR0334-16875	138	924	362.6	
CAM1-GOPR0334-16875	141	924	357	
CAM1-GOPR0334-16875	142	923.125	356.125	
CAM1-GOPR0334-16875	143	923.222	353.889	
CAM1-GOPR0334-16875	144	924	351.556	
CAM1-GOPR0334-16875	146	930.125	357.875	
CAM1-GOPR0334-16875	148	935.667	352.333	
CAM1-GOPR0334-16875	150	931	349.3	
CAM1-GOPR0334-16875	152	924	357	
CAM1-GOPR0334-16875	155	931	358.556	
CAM1-GOPR0334-16875	156	924.778	359.333	
CAM1-GOPR0334-16875	157	924.778	352.333	
CAM1-GOPR0334-16875	158	923.125	356.125	
CAM1-GOPR0334-16875	159	924	357	
CAM1-GOPR0334-16875	161	924	357	
CAM1-GOPR0334-16875	165	924	357	
CAM1-GOPR0334-16875	166	923.222	354.667	
CAM1-GOPR0334-16875	167	923.3	352.8	
CAM1-GOPR0334-16875	168	924	351.556	
CAM1-GOPR0334-16875	169	924.875	357.875	
CAM1-GOPR0334-16875	172	926.333	356.222	
CAM1-GOPR0334-16875	173	928.667	356.222	
CAM1-GOPR0334-16875	174	927.5	350.7	
CAM1-GOPR0334-16875	175	928.667	356.222	
CAM1-GOPR0334-16875	176	937.3	351.4	
CAM1-GOPR0334-16875	177	937.3	351.4	
CAM1-GOPR0334-16875	178	927.5	357	
CAM1-GOPR0334-16875	179	927.5	355.6	
CAM1-GOPR0334-16875	180	927.5	355.6	
CAM1-GOPR0334-16875	182	927.5	355.6	
CAM1-GOPR0334-16875	183	928.667	356.222	
CAM1-GOPR0334-16875	184	929.6	357	
CAM1-GOPR0334-16875	185	929.6	357	
CAM1-GOPR0334-16875	186	928.667	356.222	
CAM1-GOPR0334-16875	187	928.9	355.6	
CAM1-GOPR0334-16875	188	928.9	355.6	
CAM1-GOPR0334-16875	189	931.875	356.125	
CAM1-GOPR0334-16875	191	934.889	352.333	
CAM1-GOPR0334-16875	192	937.3	354.9	
CAM1-GOPR0334-16875	193	928.9	355.6	
CAM1-GOPR0334-16875	194	928.9	355.6	
CAM1-GOPR0334-16875	195	928.9	350.7	
CAM1-GOPR0334-16875	196	938	353.889	
CAM1-GOPR0334-16875	197	930.222	355.444	
CAM1-GOPR0334-16875	198	928.9	355.6	
CAM1-GOPR0334-16875	199	930.222	355.444	
CAM1-GOPR0334-16875	200	931.875	356.125	
CAM1-GOPR0334-16875	201	930.222	355.444	
CAM1-GOPR0334-16875	202	931.7	351.4	
CAM1-GOPR0334-16875	203	930.222	355.444	
CAM1-GOPR0334-16875	204	930.222	355.444	
CAM1-GOPR0334-16875	205	928.9	355.6	
CAM1-GOPR0334-16875	207	931	354.667	
CAM1-GOPR0334-16875	209	930.222	355.444	
CAM1-GOPR0334-16875	210	928.9	350	
CAM1-GOPR0334-16875	212	931.875	356.125	
CAM1-GOPR0334-16875	216	931.875	356.125	
CAM1-GOPR0334-16875	219	931.875	356.125	
CAM1-GOPR0334-16875	220	938.778	353.889	
CAM1-GOPR0334-16875	221	935.9	353.5	
CAM1-GOPR0334-16875	224	938	353.889	
CAM1-GOPR0334-16875	225	930.222	349.222	
CAM1-GOPR0334-16875	227	931.875	356.125	
CAM1-GOPR0334-16875	228	933.333	351.556	
CAM1-GOPR0334-16875	229	938.778	354.667	
CAM1-GOPR0334-16875	230	930.222	354.667	
CAM1-GOPR0334-16875	231	930.222	350	
CAM1-GOPR0334-16875	232	930.222	349.222	
CAM1-GOPR0334-16875	233	928.9	344.4	
CAM1-GOPR0334-16875	234	931.875	356.125	
CAM1-GOPR0334-16875	235	931.875	356.125	
CAM1-GOPR0334-16875	236	936.444	353.111	
CAM1-GOPR0334-16875	238	938	353.889	
CAM1-GOPR0334-16875	239	942.2	351.4	
CAM1-GOPR0334-16875	241	940.8	351.4	
CAM1-GOPR0334-16875	242	931.875	356.125	
CAM1-GOPR0334-16875	244	929.6	345.1	
CAM1-GOPR0334-16875	246	928.9	344.4	
CAM1-GOPR0334-16875	247	932.4	350.7	
CAM1-GOPR0334-16875	249	935.667	353.111	
CAM1-GOPR0334-16875	250	930.222	354.667	
CAM1-GOPR0334-16875	251	938	349.3	
CAM1-GOPR0334-16875	254	931.875	356.125	
CAM1-GOPR0334-16875	257	940.333	355.444	
CAM1-GOPR0334-16875	258	930.222	350	
CAM1-GOPR0334-16875	259	938	353.889	
CAM1-GOPR0334-16875	261	931.875	356.125	
CAM1-GOPR0334-16875	262	934.5	355.6	
CAM1-GOPR0334-16875	263	931.7	350	
CAM1-GOPR0334-16875	264	934.5	355.6	
CAM1-GOPR0334-16875	265	934.5	355.6	
CAM1-GOPR0334-16875	266	934.5	355.6	
CAM1-GOPR0334-16875	267	934.5	355.6	
CAM1-GOPR0334-16875	268	934.5	355.6	
CAM1-GOPR0334-16875	269	934.5	355.6	
CAM1-GOPR0334-16875	270	934.5	355.6	
CAM1-GOPR0334-16875	42	1124.67	312.667	
CAM1-GOPR0334-16875	45	1165.89	328.222	
CAM1-GOPR0334-16875	46	1175.3	333.9	
CAM1-GOPR0334-16875	52	1246.78	372.556	
CAM1-GOPR0334-16875	53	1255.33	378.778	
CAM1-GOPR0334-16875	54	1264.9	375.9	
CAM1-GOPR0334-16875	56	1281.78	363.222	
CAM1-GOPR0334-16875	57	1291.11	356.222	
CAM1-GOPR0334-16875	58	1299.67	349.222	
CAM1-GOPR0334-16875	59	1306.67	343.778	
CAM1-GOPR0334-16875	60	1312.5	341.6	
CAM1-GOPR0334-16875	64	1346.33	322.778	
CAM1-GOPR0334-16875	65	1354.89	317.333	
CAM1-GOPR0334-16875	66	1362.67	314.222	
CAM1-GOPR0334-16875	67	1368.89	310.333	
CAM1-GOPR0334-16875	68	1376.67	307.222	
CAM1-GOPR0334-16875	69	1383.67	307.222	
CAM1-GOPR0334-16875	73	925.4	364	
CAM1-GOPR0334-16875	74	925.4	364	
CAM1-GOPR0334-16875	75	931	361.9	
CAM1-GOPR0334-16875	76	925.4	364	
CAM1-GOPR0334-16875	78	923.222	361.667	
CAM1-GOPR0334-16875	80	924.875	357.875	
CAM1-GOPR0334-16875	81	939.4	354.9	
CAM1-GOPR0334-16875	84	923.222	361.667	
CAM1-GOPR0334-16875	85	924	364	
CAM1-GOPR0334-16875	86	925.4	364	
CAM1-GOPR0334-16875	87	935.2	358.4	
CAM1-GOPR0334-16875	88	936.6	352.1	
CAM1-GOPR0334-16875	89	944.3	348.6	
CAM1-GOPR0334-16875	90	951.3	352.8	
CAM1-GOPR0334-16875	91	924	358.4	
CAM1-GOPR0334-16875	92	923.3	351.4	
CAM1-GOPR0334-26813	117	1328.25	339.5	
CAM1-GOPR0334-26813	12	565.6	314.3	
CAM1-GOPR0334-26813	123	801.5	210	
CAM1-GOPR0334-26813	13	577.5	307.3	
CAM1-GOPR0334-26813	14	602	301.7	
CAM1-GOPR0334-26813	15	622.3	294	
CAM1-GOPR0334-26813	16	641.2	286.3	
CAM1-GOPR0334-26813	17	659.4	283.5	
CAM1-GOPR0334-26813	170	619	335	
CAM1-GOPR0334-26813	178	633.5	334.25	
CAM1-GOPR0334-26813	179	574	343	
CAM1-GOPR0334-26813	18	681.1	277.2	
CAM1-GOPR0334-26813	19	705.6	271.6	
CAM1-GOPR0334-26813	20	724.5	266.7	
CAM1-GOPR0334-26813	206	1351	137.375	
CAM1-GOPR0334-26813	21	741.3	264.6	
CAM1-GOPR0334-26813	219	827.167	169.167	
CAM1-GOPR0334-26813	22	763.7	261.1	
CAM1-GOPR0334-26813	221	647.5	332.5	
CAM1-GOPR0334-26813	229	660	332	
CAM1-GOPR0334-26813	23	785.4	254.8	
CAM1-GOPR0334-26813	24	806.4	252	
CAM1-GOPR0334-26813	25	822.5	252	
CAM1-GOPR0334-26813	253	1348.67	150.5	
CAM1-GOPR0334-26813	26	843.5	250.6	
CAM1-GOPR0334-26813	27	864.5	247.8	
CAM1-GOPR0334-26813	28	884.1	246.4	
CAM1-GOPR0334-26813	29	900.9	244.3	
CAM1-GOPR0334-26813	30	919.1	245.7	
CAM1-GOPR0334-26813	31	935.9	243.6	
CAM1-GOPR0334-26813	32	955.5	245	
CAM1-GOPR0334-26813	33	975.8	245	
CAM1-GOPR0334-26813	34	993.3	246.4	
CAM1-GOPR0334-26813	35	1008	248.5	
CAM1-GOPR0334-26813	36	1028.3	250.6	
CAM1-GOPR0334-26813	37	1043	250.6	
CAM1-GOPR0334-26813	38	1062.6	251.3	
CAM1-GOPR0334-26813	39	1077.3	254.1	
CAM1-GOPR0334-26813	40	1091.3	256.2	
CAM1-GOPR0334-26813	41	1108.8	259	
CAM1-GOPR0334-26813	42	1126.3	263.9	
CAM1-GOPR0334-26813	43	1143.1	265.3	
CAM1-GOPR0334-26813	44	1155.7	270.2	
CAM1-GOPR0334-26813	45	1171.1	272.3	
CAM1-GOPR0334-26813	46	1187.9	278.6	
CAM1-GOPR0334-26813	47	1198.4	282.1	
CAM1-GOPR0334-26813	48	1213.8	287	
CAM1-GOPR0334-26813	49	1229.9	292.6	
CAM1-GOPR0334-26813	50	1239.7	295.4	
CAM1-GOPR0334-26813	51	1253.7	301.7	
CAM1-GOPR0334-26813	52	1264.2	306.6	
CAM1-GOPR0334-26813	53	1278.9	313.6	
CAM1-GOPR0334-26813	54	1291.5	318.5	
CAM1-GOPR0334-26813	55	1303.4	324.8	
CAM1-GOPR0334-26813	56	1313.2	331.1	
CAM1-GOPR0334-26813	57	1327.9	338.1	
CAM1-GOPR0334-26813	58	1335.6	345.1	
CAM1-GOPR0334-26813	59	1347.5	351.4	
CAM1-GOPR0334-26813	60	1361.5	357	
CAM1-GOPR0334-26813	61	1369.9	362.6	
CAM1-GOPR0334-26813	62	1380.4	371	
CAM1-GOPR0334-26813	63	1386	379.4	
CAM1-GOPR0334-36441	100	587.3	275.1	
CAM1-GOPR0334-36441	101	583.8	267.4	
CAM1-GOPR0334-36441	102	581	263.9	
CAM1-GOPR0334-36441	103	582.4	266.7	
CAM1-GOPR0334-36441	104	583.1	272.3	
CAM1-GOPR0334-36441	105	576.1	266	
CAM1-GOPR0334-36441	106	574.7	269.5	
CAM1-GOPR0334-36441	107	570.5	272.3	
CAM1-GOPR0334-36441	108	569.1	270.2	
CAM1-GOPR0334-36441	109	567.7	267.4	
CAM1-GOPR0334-36441	110	565.6	272.3	
CAM1-GOPR0334-36441	111	564.9	273	
CAM1-GOPR0334-36441	112	562.8	292.6	
CAM1-GOPR0334-36441	113	573.3	287	
CAM1-GOPR0334-36441	114	562.333	296.333	
CAM1-GOPR0334-36441	125	994	337.4	
CAM1-GOPR0334-36441	126	1012.2	345.1	
CAM1-GOPR0334-36441	127	1005.2	342.3	
CAM1-GOPR0334-36441	128	1001	341.444	
CAM1-GOPR0334-36441	129	1014.3	346.5	
CAM1-GOPR0334-36441	141	1007.3	343	
CAM1-GOPR0334-36441	142	1019.9	350	
CAM1-GOPR0334-36441	158	999	340	
CAM1-GOPR0334-36441	170	1005.9	343	
CAM1-GOPR0334-36441	171	1006.6	343.7	
CAM1-GOPR0334-36441	172	983.5	332.5	
CAM1-GOPR0334-36441	174	1020.44	351.556	
CAM1-GOPR0334-36441	179	1008.88	350	
CAM1-GOPR0334-36441	186	963.667	325.889	
CAM1-GOPR0334-36441	209	981.75	334.25	
CAM1-GOPR0334-36441	216	998.2	339.5	
CAM1-GOPR0334-36441	217	1005.67	342.222	
CAM1-GOPR0334-36441	218	968.1	324.8	
CAM1-GOPR0334-36441	226	1313	323	
CAM1-GOPR0334-36441	246	593.25	338.625	
CAM1-GOPR0334-36441	261	984	332	
CAM1-GOPR0334-36441	97	592.9	272.3	
CAM1-GOPR0334-36441	98	585.9	267.4	
CAM1-GOPR0334-36441	99	587.3	270.2	
CAM1-GOPR0334-6600	10	643.3	286.3	
CAM1-GOPR0334-6600	11	662.2	280.7	
CAM1-GOPR0334-6600	12	682.5	276.5	
CAM1-GOPR0334-6600	121	647	335	
CAM1-GOPR0334-6600	13	703.5	270.9	
CAM1-GOPR0334-6600	135	637	333.667	
CAM1-GOPR0334-6600	14	724.5	267.4	
CAM1-GOPR0334-6600	15	741.3	263.9	
CAM1-GOPR0334-6600	16	766.5	259.7	
CAM1-GOPR0334-6600	17	785.4	254.8	
CAM1-GOPR0334-6600	18	804.3	252	
CAM1-GOPR0334-6600	184	651	332	
CAM1-GOPR0334-6600	189	948.5	316.75	
CAM1-GOPR0334-6600	19	823.9	252	
CAM1-GOPR0334-6600	194	939.75	323.75	
CAM1-GOPR0334-6600	20	842.8	249.2	
CAM1-GOPR0334-6600	21	860.3	248.5	
CAM1-GOPR0334-6600	22	880.6	244.3	
CAM1-GOPR0334-6600	221	923	320	
CAM1-GOPR0334-6600	226	658	334.25	
CAM1-GOPR0334-6600	23	896.7	244.3	
CAM1-GOPR0334-6600	234	647.5	333.667	
CAM1-GOPR0334-6600	24	914.9	244.3	
CAM1-GOPR0334-6600	25	928.9	243.6	
CAM1-GOPR0334-6600	26	949.9	243.6	
CAM1-GOPR0334-6600	27	966	243.6	
CAM1-GOPR0334-6600	28	982.1	244.3	
CAM1-GOPR0334-6600	29	997.5	245	
CAM1-GOPR0334-6600	30	1010.1	247.1	
CAM1-GOPR0334-6600	31	1025.5	250.6	
CAM1-GOPR0334-6600	32	1042.3	249.9	
CAM1-GOPR0334-6600	33	1059.1	251.3	
CAM1-GOPR0334-6600	34	1070.3	254.1	
CAM1-GOPR0334-6600	35	1084.3	256.9	
CAM1-GOPR0334-6600	36	1095.5	260.4	
CAM1-GOPR0334-6600	37	1109.5	264.6	
CAM1-GOPR0334-6600	38	1122.8	264.6	
CAM1-GOPR0334-6600	39	1136.8	271.6	
CAM1-GOPR0334-6600	40	1146.6	273	
CAM1-GOPR0334-6600	41	1158.5	278.6	
CAM1-GOPR0334-6600	42	1168.3	280.7	
CAM1-GOPR0334-6600	43	1180.9	285.6	
CAM1-GOPR0334-6600	44	1189.3	289.1	
CAM1-GOPR0334-6600	45	1199.8	294	
CAM1-GOPR0334-6600	46	1209.6	300.3	
CAM1-GOPR0334-6600	47	1219.4	301.7	
CAM1-GOPR0334-6600	48	1228.5	308	
CAM1-GOPR0334-6600	49	1237.6	315	
CAM1-GOPR0334-6600	50	1243.9	317.1	
CAM1-GOPR0334-6600	51	1254.4	322.7	
CAM1-GOPR0334-6600	52	1262.8	329	
CAM1-GOPR0334-6600	53	1270.5	336	
CAM1-GOPR0334-6600	54	1277.5	339.5	
CAM1-GOPR0334-6600	55	1284.5	343	
CAM1-GOPR0334-6600	56	1291.5	350	
CAM1-GOPR0334-6600	57	1298.5	350	
CAM1-GOPR0334-6600	58	1302	344.4	
CAM1-GOPR0334-6600	59	1305.5	337.4	
CAM1-GOPR0334-6600	6	565.6	314.3	
CAM1-GOPR0334-6600	60	1311.1	331.1	
CAM1-GOPR0334-6600	61	1316	329	
CAM1-GOPR0334-6600	62	1319.5	322	
CAM1-GOPR0334-6600	63	1326.5	315	
CAM1-GOPR0334-6600	64	1330	311.5	
CAM1-GOPR0334-6600	65	1333.5	308	
CAM1-GOPR0334-6600	66	1339.1	303.1	
CAM1-GOPR0334-6600	67	1342.6	301.7	
CAM1-GOPR0334-6600	68	1346.1	296.1	
CAM1-GOPR0334-6600	69	1351	294	
CAM1-GOPR0334-6600	7	577.5	307.3	
CAM1-GOPR0334-6600	70	1355.2	289.1	
CAM1-GOPR0334-6600	71	1358	287	
CAM1-GOPR0334-6600	72	1363.6	283.5	
CAM1-GOPR0334-6600	73	1365	280	
CAM1-GOPR0334-6600	74	1369.67	279.222	
CAM1-GOPR0334-6600	75	1372.78	275.333	
CAM1-GOPR0334-6600	76	1377.6	273	
CAM1-GOPR0334-6600	77	1374.8	276.5	
CAM1-GOPR0334-6600	78	1382.5	271.6	
CAM1-GOPR0334-6600	79	1386	273	
CAM1-GOPR0334-6600	8	597.8	303.1	
CAM1-GOPR0334-6600	80	1387.4	269.5	
CAM1-GOPR0334-6600	9	619.5	293.3	
CAM2-GOPR0288-21180	10	677.9	290.5	
CAM2-GOPR0288-21180	11	691.9	288.4	
CAM2-GOPR0288-21180	113	773.625	503.125	
CAM2-GOPR0288-21180	12	704.5	287	
CAM2-GOPR0288-21180	13	718.5	285.6	
CAM2-GOPR0288-21180	14	732.5	286.3	
CAM2-GOPR0288-21180	15	750.7	284.9	
CAM2-GOPR0288-21180	151	760.889	535.111	
CAM2-GOPR0288-21180	154	757.778	322	
CAM2-GOPR0288-21180	16	763.3	284.9	
CAM2-GOPR0288-21180	17	778.7	284.9	
CAM2-GOPR0288-21180	178	771	523.25	
CAM2-GOPR0288-21180	18	796.2	284.9	
CAM2-GOPR0288-21180	186	766.333	538.222	
CAM2-GOPR0288-21180	19	811.6	284.9	
CAM2-GOPR0288-21180	191	767	527	
CAM2-GOPR0288-21180	193	767.5	530.25	
CAM2-GOPR0288-21180	20	828.4	287.7	
CAM2-GOPR0288-21180	21	846.6	291.9	
CAM2-GOPR0288-21180	212	765.75	536.375	
CAM2-GOPR0288-21180	22	862.7	291.9	
CAM2-GOPR0288-21180	23	875.3	296.1	
CAM2-GOPR0288-21180	24	895.6	299.6	
CAM2-GOPR0288-21180	241	767.5	529.375	
CAM2-GOPR0288-21180	25	909.6	301.7	
CAM2-GOPR0288-21180	26	929.2	308	
CAM2-GOPR0288-21180	263	766.625	523.25	
CAM2-GOPR0288-21180	27	943.2	309.4	
CAM2-GOPR0288-21180	28	962.1	314.3	
CAM2-GOPR0288-21180	29	978.2	321.3	
CAM2-GOPR0288-21180	30	994.3	327.6	
CAM2-GOPR0288-21180	31	1009	331.1	
CAM2-GOPR0288-21180	32	1027.9	337.4	
CAM2-GOPR0288-21180	33	1044	342.3	
CAM2-GOPR0288-21180	34	1058	349.3	
CAM2-GOPR0288-21180	35	1077.6	357.7	
CAM2-GOPR0288-21180	36	1092.3	366.1	
CAM2-GOPR0288-21180	37	1108.4	373.8	
CAM2-GOPR0288-21180	38	1124.5	380.1	
CAM2-GOPR0288-21180	39	1143.4	390.6	
CAM2-GOPR0288-21180	40	1158.8	401.1	
CAM2-GOPR0288-21180	41	1170.7	406.7	
CAM2-GOPR0288-21180	42	1188.9	410.2	
CAM2-GOPR0288-21180	43	1209.2	401.1	
CAM2-GOPR0288-21180	44	1226	396.9	
CAM2-GOPR0288-21180	45	1245.6	390.6	
CAM2-GOPR0288-21180	46	1264.5	383.6	
CAM2-GOPR0288-21180	47	1284.8	378.7	
CAM2-GOPR0288-21180	48	1302.3	375.9	
CAM2-GOPR0288-21180	49	1321.9	371.7	
CAM2-GOPR0288-21180	50	1335.9	369.6	
CAM2-GOPR0288-21180	51	1354.1	366.1	
CAM2-GOPR0288-21180	52	1372.3	360.5	
CAM2-GOPR0288-21180	53	1391.2	358.4	
CAM2-GOPR0288-21180	54	1408	355.6	
CAM2-GOPR0288-21180	55	1427.6	352.8	
CAM2-GOPR0288-21180	56	1443.7	350	
CAM2-GOPR0288-21180	57	1463.3	350	
CAM2-GOPR0288-21180	58	1471	350	
CAM2-GOPR0288-21180	85	773.1	523.6	
CAM2-GOPR0288-21180	9	664.25	294	
CAM2-GOPR0288-25413	100	767.889	525	
CAM2-GOPR0288-25413	103	772	531	
CAM2-GOPR0288-25413	12	689.8	289.8	
CAM2-GOPR0288-25413	13	700.3	282.1	
CAM2-GOPR0288-25413	14	712.9	278.6	
CAM2-GOPR0288-25413	15	728.3	273.7	
CAM2-GOPR0288-25413	153	778	514.5	
CAM2-GOPR0288-25413	16	743	271.6	
CAM2-GOPR0288-25413	17	758.4	273	
CAM2-GOPR0288-25413	18	776.6	273.7	
CAM2-GOPR0288-25413	19	793.4	275.1	
CAM2-GOPR0288-25413	20	809.5	273	
CAM2-GOPR0288-25413	207	770.125	524.125	
CAM2-GOPR0288-25413	21	827	271.6	
CAM2-GOPR0288-25413	212	768.2	528.5	
CAM2-GOPR0288-25413	22	843.1	272.3	
CAM2-GOPR0288-25413	225	775.375	505.75	
CAM2-GOPR0288-25413	229	772.556	503.222	
CAM2-GOPR0288-25413	23	861.3	271.6	
CAM2-GOPR0288-25413	233	761	498	
CAM2-GOPR0288-25413	24	877.4	273.7	
CAM2-GOPR0288-25413	25	896.3	278.6	
CAM2-GOPR0288-25413	251	764	523.25	
CAM2-GOPR0288-25413	26	913.1	279.3	
CAM2-GOPR0288-25413	265	764.875	529.375	
CAM2-GOPR0288-25413	27	931.3	282.8	
CAM2-GOPR0288-25413	271	773.333	495.833	
CAM2-GOPR0288-25413	28	951.6	285.6	
CAM2-GOPR0288-25413	29	967	288.4	
CAM2-GOPR0288-25413	30	985.2	293.3	
CAM2-GOPR0288-25413	31	999.9	297.5	
CAM2-GOPR0288-25413	32	1018.8	301	
CAM2-GOPR0288-25413	33	1036.3	305.9	
CAM2-GOPR0288-25413	34	1059.4	312.2	
CAM2-GOPR0288-25413	35	1071.3	317.1	
CAM2-GOPR0288-25413	36	1090.9	325.5	
CAM2-GOPR0288-25413	37	1106.3	331.1	
CAM2-GOPR0288-25413	38	1125.2	337.4	
CAM2-GOPR0288-25413	39	1143.4	345.8	
CAM2-GOPR0288-25413	40	1158.1	355.6	
CAM2-GOPR0288-25413	41	1177.7	362.6	
CAM2-GOPR0288-25413	42	1193.1	370.3	
CAM2-GOPR0288-25413	43	1207.1	377.3	
CAM2-GOPR0288-25413	44	1228.1	389.2	
CAM2-GOPR0288-25413	45	1242.1	397.6	
CAM2-GOPR0288-25413	46	1258.9	408.8	
CAM2-GOPR0288-25413	47	1270.1	413	
CAM2-GOPR0288-25413	48	1285.5	413	
CAM2-GOPR0288-25413	50	1316.3	397.6	
CAM2-GOPR0288-25413	51	1331.7	389.9	
CAM2-GOPR0288-25413	52	1346.4	387.1	
CAM2-GOPR0288-25413	53	1359.7	380.1	
CAM2-GOPR0288-25413	54	1372.3	378	
CAM2-GOPR0288-25413	55	1387	372.4	
CAM2-GOPR0288-25413	56	1402.4	367.5	
CAM2-GOPR0288-25413	57	1415	364	
CAM2-GOPR0288-25413	58	1429	360.5	
CAM2-GOPR0288-25413	59	1444.4	356.3	
CAM2-GOPR0288-25413	60	1459.8	353.5	
CAM2-GOPR0288-25413	61	1469.6	352.1	
CAM2-GOPR0288-25413	65	780	512	
CAM2-GOPR0288-25413	7	605.1	299.6	
CAM2-GOPR0288-28137	1	908.667	384.222	
CAM2-GOPR0288-28137	10	907.5	390.6	
CAM2-GOPR0288-28137	100	887.667	391.222	
CAM2-GOPR0288-28137	102	889.222	389.667	
CAM2-GOPR0288-28137	106	885.333	384.222	
CAM2-GOPR0288-28137	107	885.333	384.222	
CAM2-GOPR0288-28137	108	885.333	384.222	
CAM2-GOPR0288-28137	109	885.1	387.1	
CAM2-GOPR0288-28137	11	906.1	387.1	
CAM2-GOPR0288-28137	111	887.667	391.222	
CAM2-GOPR0288-28137	115	885.333	384.222	
CAM2-GOPR0288-28137	116	883.875	384.125	
CAM2-GOPR0288-28137	118	883.875	384.125	
CAM2-GOPR0288-28137	120	883	388.5	
CAM2-GOPR0288-28137	122	883	386.4	
CAM2-GOPR0288-28137	123	883	385	
CAM2-GOPR0288-28137	124	883	385	
CAM2-GOPR0288-28137	128	883	385	
CAM2-GOPR0288-28137	129	883	385	
CAM2-GOPR0288-28137	130	882.222	387.333	
CAM2-GOPR0288-28137	131	883	386.4	
CAM2-GOPR0288-28137	132	883	385	
CAM2-GOPR0288-28137	133	883	385	
CAM2-GOPR0288-28137	136	883	385	
CAM2-GOPR0288-28137	137	883	385	
CAM2-GOPR0288-28137	138	883	385	
CAM2-GOPR0288-28137	140	883	385	
CAM2-GOPR0288-28137	141	882.125	384.125	
CAM2-GOPR0288-28137	142	880.667	384.222	
CAM2-GOPR0288-28137	144	880.667	384.222	
CAM2-GOPR0288-28137	145	880.667	384.222	
CAM2-GOPR0288-28137	146	880.667	384.222	
CAM2-GOPR0288-28137	147	880.667	388.111	
CAM2-GOPR0288-28137	151	879.111	384.222	
CAM2-GOPR0288-28137	152	879.5	385	
CAM2-GOPR0288-28137	154	878.333	385.778	
CAM2-GOPR0288-28137	156	879.5	385	
CAM2-GOPR0288-28137	157	878.1	383.6	
CAM2-GOPR0288-28137	158	878.1	383.6	
CAM2-GOPR0288-28137	160	876.778	383.444	
CAM2-GOPR0288-28137	162	876	385	
CAM2-GOPR0288-28137	163	876	385	
CAM2-GOPR0288-28137	166	878.1	383.6	
CAM2-GOPR0288-28137	168	875.125	384.125	
CAM2-GOPR0288-28137	17	905.4	385	
CAM2-GOPR0288-28137	176	875.125	384.125	
CAM2-GOPR0288-28137	18	906.333	384.222	
CAM2-GOPR0288-28137	182	875.125	384.125	
CAM2-GOPR0288-28137	189	875.125	384.125	
CAM2-GOPR0288-28137	190	875.125	384.125	
CAM2-GOPR0288-28137	192	875.125	384.125	
CAM2-GOPR0288-28137	193	875.125	384.125	
CAM2-GOPR0288-28137	197	875.125	384.125	
CAM2-GOPR0288-28137	198	875.125	384.125	
CAM2-GOPR0288-28137	2	909.6	385	
CAM2-GOPR0288-28137	201	875.125	384.125	
CAM2-GOPR0288-28137	202	875.125	384.125	
CAM2-GOPR0288-28137	203	875.125	384.125	
CAM2-GOPR0288-28137	204	875.125	384.125	
CAM2-GOPR0288-28137	205	875.125	384.125	
CAM2-GOPR0288-28137	206	875	383	
CAM2-GOPR0288-28137	212	875	383	
CAM2-GOPR0288-28137	213	875	383	
CAM2-GOPR0288-28137	236	873.667	385	
CAM2-GOPR0288-28137	238	875.125	384.125	
CAM2-GOPR0288-28137	240	875.125	384.125	
CAM2-GOPR0288-28137	245	875	383	
CAM2-GOPR0288-28137	246	875.125	384.125	
CAM2-GOPR0288-28137	247	875.125	384.125	
CAM2-GOPR0288-28137	252	875.125	384.125	
CAM2-GOPR0288-28137	253	875.125	384.125	
CAM2-GOPR0288-28137	256	875.125	384.125	
CAM2-GOPR0288-28137	258	882.222	381.111	
CAM2-GOPR0288-28137	259	875.125	384.125	
CAM2-GOPR0288-28137	261	875.125	384.125	
CAM2-GOPR0288-28137	262	875.125	384.125	
CAM2-GOPR0288-28137	263	875.125	384.125	
CAM2-GOPR0288-28137	267	875.125	384.125	
CAM2-GOPR0288-28137	268	875.125	384.125	
CAM2-GOPR0288-28137	3	909.6	385	
CAM2-GOPR0288-28137	51	1452.33	422.333	
CAM2-GOPR0288-28137	52	1465.4	431.9	
CAM2-GOPR0288-28137	55	897	388.5	
CAM2-GOPR0288-28137	56	897.875	385.875	
CAM2-GOPR0288-28137	57	897.875	385.875	
CAM2-GOPR0288-28137	6	909.6	385	
CAM2-GOPR0288-28137	62	894.9	386.4	
CAM2-GOPR0288-28137	63	894.2	387.1	
CAM2-GOPR0288-28137	64	893.5	387.1	
CAM2-GOPR0288-28137	65	893.5	388.5	
CAM2-GOPR0288-28137	66	893.5	388.5	
CAM2-GOPR0288-28137	67	893.5	388.5	
CAM2-GOPR0288-28137	68	893.889	385.778	
CAM2-GOPR0288-28137	69	893.889	385.778	
CAM2-GOPR0288-28137	7	909.6	385	
CAM2-GOPR0288-28137	70	893.889	385.778	
CAM2-GOPR0288-28137	71	893.889	385.778	
CAM2-GOPR0288-28137	72	893.889	385.778	
CAM2-GOPR0288-28137	73	893.889	385.778	
CAM2-GOPR0288-28137	74	893.889	385.778	
CAM2-GOPR0288-28137	78	891.4	388.5	
CAM2-GOPR0288-28137	79	892.1	387.1	
CAM2-GOPR0288-28137	8	908.2	387.1	
CAM2-GOPR0288-28137	80	890.778	387.333	
CAM2-GOPR0288-28137	82	890	385	
CAM2-GOPR0288-28137	83	890	385	
CAM2-GOPR0288-28137	84	890	385	
CAM2-GOPR0288-28137	85	890	385	
CAM2-GOPR0288-28137	86	890	385	
CAM2-GOPR0288-28137	87	890.875	385.875	
CAM2-GOPR0288-28137	88	890.778	387.333	
CAM2-GOPR0288-28137	89	890	388.5	
CAM2-GOPR0288-28137	9	907.5	390.6	
CAM2-GOPR0288-28137	91	890	388.5	
CAM2-GOPR0288-28137	92	890	388.5	
CAM2-GOPR0288-28137	95	890	385	
CAM2-GOPR0288-28137	99	886.5	386.4	
CAM2-GOPR0288-31487	107	778	526.75	
CAM2-GOPR0288-31487	11	707.3	275.1	
CAM2-GOPR0288-31487	12	722	269.5	
CAM2-GOPR0288-31487	13	738.8	266.7	
CAM2-GOPR0288-31487	137	779	524	
CAM2-GOPR0288-31487	14	758.4	262.5	
CAM2-GOPR0288-31487	15	766.625	271.25	
CAM2-GOPR0288-31487	160	750.875	532.875	
CAM2-GOPR0288-31487	177	768	504	
CAM2-GOPR0288-31487	178	1467.5	437.5	
CAM2-GOPR0288-31487	187	772.167	539	
CAM2-GOPR0288-31487	19	867.6	244.3	
CAM2-GOPR0288-31487	197	764.875	525	
CAM2-GOPR0288-31487	199	743	294	
CAM2-GOPR0288-31487	20	880.9	243.6	
CAM2-GOPR0288-31487	21	904.7	238	
CAM2-GOPR0288-31487	218	755.833	534.333	
CAM2-GOPR0288-31487	22	928.5	236.6	
CAM2-GOPR0288-31487	23	946.7	236.6	
CAM2-GOPR0288-31487	230	746	531	
CAM2-GOPR0288-31487	232	771	501.667	
CAM2-GOPR0288-31487	237	727	279	
CAM2-GOPR0288-31487	24	968.4	232.4	
CAM2-GOPR0288-31487	25	991.5	231	
CAM2-GOPR0288-31487	26	1012.5	230.3	
CAM2-GOPR0288-31487	27	1037.7	229.6	
CAM2-GOPR0288-31487	28	1058.7	229.6	
CAM2-GOPR0288-31487	29	1084.6	227.5	
CAM2-GOPR0288-31487	30	1102.1	228.2	
CAM2-GOPR0288-31487	31	1123.1	228.9	
CAM2-GOPR0288-31487	32	1149.7	229.6	
CAM2-GOPR0288-31487	33	1173.5	229.6	
CAM2-GOPR0288-31487	34	1198	231	
CAM2-GOPR0288-31487	35	1217.6	230.3	
CAM2-GOPR0288-31487	36	1242.1	233.1	
CAM2-GOPR0288-31487	37	1261	238	
CAM2-GOPR0288-31487	38	1284.1	237.3	
CAM2-GOPR0288-31487	39	1305.1	240.1	
CAM2-GOPR0288-31487	40	1330.3	243.6	
CAM2-GOPR0288-31487	41	1354.1	246.4	
CAM2-GOPR0288-31487	42	1377.9	250.6	
CAM2-GOPR0288-31487	43	1392.6	252.7	
CAM2-GOPR0288-31487	44	1417.1	257.6	
CAM2-GOPR0288-31487	45	1436.7	261.8	
CAM2-GOPR0288-31487	46	1453.5	266.7	
CAM2-GOPR0288-31487	47	1467.5	271.6	
CAM2-GOPR0288-31487	58	762.6	511.7	
CAM2-GOPR0288-31487	93	777.222	522.667	
CAM2-GOPR0288-34240	100	996.556	351.556	
CAM2-GOPR0288-34240	104	994.125	356.125	
CAM2-GOPR0288-34240	105	995	355	
CAM2-GOPR0288-34240	112	995	355	
CAM2-GOPR0288-34240	130	1002	353.5	
CAM2-GOPR0288-34240	147	1002	353.5	
CAM2-GOPR0288-34240	198	1002	353.5	
CAM2-GOPR0288-34240	249	1002	353.5	
CAM2-GOPR0288-34240	27	1086	210	
CAM2-GOPR0288-34240	28	1103.89	209.222	
CAM2-GOPR0288-34240	50	991.5	357	
CAM2-GOPR0288-34240	53	991.5	357	
CAM2-GOPR0288-34240	56	993	357	
CAM2-GOPR0288-34240	57	993	357	
CAM2-GOPR0288-34240	58	993	357	
CAM2-GOPR0288-34240	63	991.5	357	
CAM2-GOPR0288-34240	70	993	357	
CAM2-GOPR0288-34240	71	993	357	
CAM2-GOPR0288-34240	73	991.5	357	
CAM2-GOPR0288-34240	74	994.125	356.125	
CAM2-GOPR0288-34240	75	997.333	356.222	
CAM2-GOPR0288-34240	76	994.125	356.125	
CAM2-GOPR0288-34240	79	994.125	356.125	
CAM2-GOPR0288-34240	80	994.125	356.125	
CAM2-GOPR0288-34240	81	987.222	362.444	
CAM2-GOPR0288-34240	84	994.125	356.125	
CAM2-GOPR0288-34240	85	994.125	356.125	
CAM2-GOPR0288-34240	86	994.125	356.125	
CAM2-GOPR0288-34240	87	994.125	356.125	
CAM2-GOPR0288-34240	88	994.125	356.125	
CAM2-GOPR0288-34240	90	997.333	355.444	
CAM2-GOPR0288-34240	92	994.125	356.125	
CAM2-GOPR0288-34240	94	994.125	356.125	
CAM2-GOPR0288-34240	95	994.125	356.125	
CAM2-GOPR0289-14201	1	1167.2	374.5	
CAM2-GOPR0289-14201	10	1174.9	354.9	
CAM2-GOPR0289-14201	106	763.3	545.3	
CAM2-GOPR0289-14201	107	768.375	533.75	
CAM2-GOPR0289-14201	11	1177.78	352.333	
CAM2-GOPR0289-14201	112	764	539.875	
CAM2-GOPR0289-14201	13	1177	350	
CAM2-GOPR0289-14201	14	1178.4	350	
CAM2-GOPR0289-14201	148	761.375	518	
CAM2-GOPR0289-14201	15	1180.5	348.6	
CAM2-GOPR0289-14201	16	1180.5	348.6	
CAM2-GOPR0289-14201	17	1181.67	349.222	
CAM2-GOPR0289-14201	182	623.222	318.889	
CAM2-GOPR0289-14201	198	635	334	
CAM2-GOPR0289-14201	2	1166.5	372.4	
CAM2-GOPR0289-14201	202	635.375	330.75	
CAM2-GOPR0289-14201	208	635.375	330.75	
CAM2-GOPR0289-14201	219	637.222	330.556	
CAM2-GOPR0289-14201	224	635.9	306.6	
CAM2-GOPR0289-14201	230	634.5	336	
CAM2-GOPR0289-14201	233	634	322	
CAM2-GOPR0289-14201	244	635	334	
CAM2-GOPR0289-14201	3	1168.6	371	
CAM2-GOPR0289-14201	4	1170	365.4	
CAM2-GOPR0289-14201	5	1170	364	
CAM2-GOPR0289-14201	55	1199.4	366.1	
CAM2-GOPR0289-14201	56	1198	368.9	
CAM2-GOPR0289-14201	57	1195.9	370.3	
CAM2-GOPR0289-14201	58	1202.9	368.9	
CAM2-GOPR0289-14201	59	1201.5	369.6	
CAM2-GOPR0289-14201	6	1171.4	364	
CAM2-GOPR0289-14201	60	1201.5	371.7	
CAM2-GOPR0289-14201	61	1202.9	368.2	
CAM2-GOPR0289-14201	62	1213.4	364	
CAM2-GOPR0289-14201	63	1213.4	359.8	
CAM2-GOPR0289-14201	64	1216.9	358.4	
CAM2-GOPR0289-14201	65	1221.1	355.6	
CAM2-GOPR0289-14201	66	1225.3	353.5	
CAM2-GOPR0289-14201	67	1228.1	350.7	
CAM2-GOPR0289-14201	68	1228.1	350	
CAM2-GOPR0289-14201	69	1241.4	344.4	
CAM2-GOPR0289-14201	70	1237.2	343.7	
CAM2-GOPR0289-14201	71	1244.2	343	
CAM2-GOPR0289-14201	72	1247.7	342.3	
CAM2-GOPR0289-14201	73	1250.5	340.9	
CAM2-GOPR0289-14201	74	1249.1	342.3	
CAM2-GOPR0289-14201	91	1425.89	346.111	
CAM2-GOPR0289-14201	92	1432.5	351.4	
CAM2-GOPR0289-14201	93	1439.5	355.6	
CAM2-GOPR0289-14201	94	1447.2	359.1	
CAM2-GOPR0289-14201	95	1454.2	366.1	
CAM2-GOPR0289-14201	96	1458.4	371	
CAM2-GOPR0289-14201	97	1465.4	378	
CAM2-GOPR0289-14201	98	1471	383.6	
CAM2-GOPR0289-14201	99	1472.4	388.5	
CAM2-GOPR0289-16838	100	937.6	374.5	
CAM2-GOPR0289-16838	101	937.6	371	
CAM2-GOPR0289-16838	102	937.6	371	
CAM2-GOPR0289-16838	103	937.6	371	
CAM2-GOPR0289-16838	104	939	371	
CAM2-GOPR0289-16838	105	939	371	
CAM2-GOPR0289-16838	106	939	372.4	
CAM2-GOPR0289-16838	107	937.6	374.5	
CAM2-GOPR0289-16838	108	938.222	375.667	
CAM2-GOPR0289-16838	109	937.6	374.5	
CAM2-GOPR0289-16838	110	937.6	374.5	
CAM2-GOPR0289-16838	111	939	372.4	
CAM2-GOPR0289-16838	112	939	372.4	
CAM2-GOPR0289-16838	113	939	372.4	
CAM2-GOPR0289-16838	114	939	372.4	
CAM2-GOPR0289-16838	115	939	372.4	
CAM2-GOPR0289-16838	116	939	372.4	
CAM2-GOPR0289-16838	117	939	372.4	
CAM2-GOPR0289-16838	119	938.222	375.667	
CAM2-GOPR0289-16838	120	939	372.4	
CAM2-GOPR0289-16838	121	939.778	373.333	
CAM2-GOPR0289-16838	122	939	372.4	
CAM2-GOPR0289-16838	123	939	372.4	
CAM2-GOPR0289-16838	124	939	371	
CAM2-GOPR0289-16838	125	939	372.4	
CAM2-GOPR0289-16838	126	939.778	373.333	
CAM2-GOPR0289-16838	127	940.4	374.5	
CAM2-GOPR0289-16838	128	939	374.5	
CAM2-GOPR0289-16838	129	939	374.5	
CAM2-GOPR0289-16838	130	939.778	373.333	
CAM2-GOPR0289-16838	131	939.778	373.333	
CAM2-GOPR0289-16838	132	939	372.4	
CAM2-GOPR0289-16838	133	939	371	
CAM2-GOPR0289-16838	134	944.6	369.6	
CAM2-GOPR0289-16838	135	939	372.4	
CAM2-GOPR0289-16838	136	945.3	371.7	
CAM2-GOPR0289-16838	137	939.778	373.333	
CAM2-GOPR0289-16838	138	941.1	375.9	
CAM2-GOPR0289-16838	139	939.778	373.333	
CAM2-GOPR0289-16838	141	941.333	371.778	
CAM2-GOPR0289-16838	146	941.1	373.1	
CAM2-GOPR0289-16838	147	941.1	373.1	
CAM2-GOPR0289-16838	148	943.2	373.1	
CAM2-GOPR0289-16838	149	942.111	372.556	
CAM2-GOPR0289-16838	151	943.667	371.778	
CAM2-GOPR0289-16838	152	942.5	373.8	
CAM2-GOPR0289-16838	153	943.2	371.7	
CAM2-GOPR0289-16838	154	944.6	374.5	
CAM2-GOPR0289-16838	155	944.6	374.5	
CAM2-GOPR0289-16838	156	944.6	374.5	
CAM2-GOPR0289-16838	157	946	372.4	
CAM2-GOPR0289-16838	158	946	371	
CAM2-GOPR0289-16838	159	946	371	
CAM2-GOPR0289-16838	160	946	371	
CAM2-GOPR0289-16838	161	946	372.4	
CAM2-GOPR0289-16838	162	946	372.4	
CAM2-GOPR0289-16838	163	946	372.4	
CAM2-GOPR0289-16838	164	946	372.4	
CAM2-GOPR0289-16838	166	946	372.4	
CAM2-GOPR0289-16838	167	946	371	
CAM2-GOPR0289-16838	168	946	371	
CAM2-GOPR0289-16838	169	946	372.4	
CAM2-GOPR0289-16838	170	946	372.4	
CAM2-GOPR0289-16838	171	946	372.4	
CAM2-GOPR0289-16838	172	946	372.4	
CAM2-GOPR0289-16838	173	946	371	
CAM2-GOPR0289-16838	174	946	371	
CAM2-GOPR0289-16838	175	946	371	
CAM2-GOPR0289-16838	176	946	372.4	
CAM2-GOPR0289-16838	177	946	372.4	
CAM2-GOPR0289-16838	178	946	371	
CAM2-GOPR0289-16838	179	946	371	
CAM2-GOPR0289-16838	180	946	371	
CAM2-GOPR0289-16838	181	946	371	
CAM2-GOPR0289-16838	182	946	372.4	
CAM2-GOPR0289-16838	183	946	372.4	
CAM2-GOPR0289-16838	184	946	372.4	
CAM2-GOPR0289-16838	185	947.4	371	
CAM2-GOPR0289-16838	187	947.4	371	
CAM2-GOPR0289-16838	188	947.4	371	
CAM2-GOPR0289-16838	189	948.1	373.1	
CAM2-GOPR0289-16838	190	948.1	373.1	
CAM2-GOPR0289-16838	191	949.5	371	
CAM2-GOPR0289-16838	194	949.5	371	
CAM2-GOPR0289-16838	196	951.6	371	
CAM2-GOPR0289-16838	197	950.667	370.222	
CAM2-GOPR0289-16838	198	951.6	371	
CAM2-GOPR0289-16838	199	953	371	
CAM2-GOPR0289-16838	200	951.6	371	
CAM2-GOPR0289-16838	201	953	371	
CAM2-GOPR0289-16838	202	953	371	
CAM2-GOPR0289-16838	203	953	371	
CAM2-GOPR0289-16838	204	953	371	
CAM2-GOPR0289-16838	205	953	371	
CAM2-GOPR0289-16838	206	953	371	
CAM2-GOPR0289-16838	207	953	371	
CAM2-GOPR0289-16838	208	953	371	
CAM2-GOPR0289-16838	209	953	371	
CAM2-GOPR0289-16838	210	953	371	
CAM2-GOPR0289-16838	211	953	371	
CAM2-GOPR0289-16838	212	953	371	
CAM2-GOPR0289-16838	213	953	372.4	
CAM2-GOPR0289-16838	214	953	371	
CAM2-GOPR0289-16838	215	953	371	
CAM2-GOPR0289-16838	216	953	371	
CAM2-GOPR0289-16838	217	953	371	
CAM2-GOPR0289-16838	218	953	371	
CAM2-GOPR0289-16838	219	953	371	
CAM2-GOPR0289-16838	220	953	371	
CAM2-GOPR0289-16838	221	958.444	370.222	
CAM2-GOPR0289-16838	222	954.4	371	
CAM2-GOPR0289-16838	223	954.4	371	
CAM2-GOPR0289-16838	224	956.5	371	
CAM2-GOPR0289-16838	225	956.5	371	
CAM2-GOPR0289-16838	226	954.4	371	
CAM2-GOPR0289-16838	227	955.333	371.778	
CAM2-GOPR0289-16838	228	956.5	369.6	
CAM2-GOPR0289-16838	229	961.4	368.9	
CAM2-GOPR0289-16838	230	957.667	370.222	
CAM2-GOPR0289-16838	231	956.5	371	
CAM2-GOPR0289-16838	232	956.5	369.6	
CAM2-GOPR0289-16838	233	957.667	370.222	
CAM2-GOPR0289-16838	234	958.6	371	
CAM2-GOPR0289-16838	235	961.4	368.9	
CAM2-GOPR0289-16838	237	959.125	370.125	
CAM2-GOPR0289-16838	238	960	371	
CAM2-GOPR0289-16838	239	960	371	
CAM2-GOPR0289-16838	240	959.125	370.125	
CAM2-GOPR0289-16838	242	960	371	
CAM2-GOPR0289-16838	244	960	371	
CAM2-GOPR0289-16838	245	960	371	
CAM2-GOPR0289-16838	246	960	371	
CAM2-GOPR0289-16838	247	960	371	
CAM2-GOPR0289-16838	248	960	371	
CAM2-GOPR0289-16838	249	960	371	
CAM2-GOPR0289-16838	250	960	371	
CAM2-GOPR0289-16838	251	960	371	
CAM2-GOPR0289-16838	252	960	371	
CAM2-GOPR0289-16838	253	960	371	
CAM2-GOPR0289-16838	254	961.4	370.3	
CAM2-GOPR0289-16838	255	961.4	370.3	
CAM2-GOPR0289-16838	256	961.4	370.3	
CAM2-GOPR0289-16838	257	962.333	370.222	
CAM2-GOPR0289-16838	258	961.4	371	
CAM2-GOPR0289-16838	259	963.5	369.6	
CAM2-GOPR0289-16838	260	963.5	369.6	
CAM2-GOPR0289-16838	261	963.5	369.6	
CAM2-GOPR0289-16838	262	963.5	369.6	
CAM2-GOPR0289-16838	263	963.5	369.6	
CAM2-GOPR0289-16838	264	963.5	371	
CAM2-GOPR0289-16838	265	964.667	370.222	
CAM2-GOPR0289-16838	266	964.667	370.222	
CAM2-GOPR0289-16838	267	964.667	370.222	
CAM2-GOPR0289-16838	268	963.5	369.6	
CAM2-GOPR0289-16838	269	963.5	369.6	
CAM2-GOPR0289-16838	270	964.667	370.222	
CAM2-GOPR0289-16838	35	934.1	330.4	
CAM2-GOPR0289-16838	36	941.8	332.5	
CAM2-GOPR0289-16838	37	948.8	335.3	
CAM2-GOPR0289-16838	79	934.333	371.778	
CAM2-GOPR0289-16838	80	934.333	371.778	
CAM2-GOPR0289-16838	81	934.333	371.778	
CAM2-GOPR0289-16838	82	934.1	373.1	
CAM2-GOPR0289-16838	83	934.333	371.778	
CAM2-GOPR0289-16838	84	934.333	371.778	
CAM2-GOPR0289-16838	85	934.1	375.9	
CAM2-GOPR0289-16838	86	935.5	376.6	
CAM2-GOPR0289-16838	87	935.5	376.6	
CAM2-GOPR0289-16838	88	935.5	372.4	
CAM2-GOPR0289-16838	89	935.5	372.4	
CAM2-GOPR0289-16838	90	935.5	372.4	
CAM2-GOPR0289-16838	91	936.667	370.222	
CAM2-GOPR0289-16838	92	935.5	371	
CAM2-GOPR0289-16838	93	935.5	371	
CAM2-GOPR0289-16838	94	937.6	371	
CAM2-GOPR0289-16838	95	936.2	373.1	
CAM2-GOPR0289-16838	96	936.2	373.1	
CAM2-GOPR0289-16838	97	937.6	374.5	
CAM2-GOPR0289-16838	98	936.667	377.222	
CAM2-GOPR0289-16838	99	936.9	375.9	
CAM2-GOPR0289-26776	101	757.778	497	
CAM2-GOPR0289-26776	104	763.125	546	
CAM2-GOPR0289-26776	11	748	532	
CAM2-GOPR0289-26776	121	760	528	
CAM2-GOPR0289-26776	13	601.6	303.1	
CAM2-GOPR0289-26776	14	609.222	298.667	
CAM2-GOPR0289-26776	158	1093.88	212.625	
CAM2-GOPR0289-26776	16	640.625	288.75	
CAM2-GOPR0289-26776	19	672.3	283.5	
CAM2-GOPR0289-26776	193	761.667	522.667	
CAM2-GOPR0289-26776	196	764	513	
CAM2-GOPR0289-26776	202	745.333	500.889	
CAM2-GOPR0289-26776	204	758	528	
CAM2-GOPR0289-26776	21	709.4	273	
CAM2-GOPR0289-26776	22	717.1	271.6	
CAM2-GOPR0289-26776	23	735.3	268.1	
CAM2-GOPR0289-26776	24	749.3	266.7	
CAM2-GOPR0289-26776	25	757	264.6	
CAM2-GOPR0289-26776	26	771	272.3	
CAM2-GOPR0289-26776	267	771	529.375	
CAM2-GOPR0289-26776	271	767	512	
CAM2-GOPR0289-26776	28	810.2	262.5	
CAM2-GOPR0289-26776	29	822.1	264.6	
CAM2-GOPR0289-26776	30	839.6	264.6	
CAM2-GOPR0289-26776	31	855.7	261.8	
CAM2-GOPR0289-26776	32	871.1	260.4	
CAM2-GOPR0289-26776	33	885.1	260.4	
CAM2-GOPR0289-26776	34	902.6	261.8	
CAM2-GOPR0289-26776	35	916.6	263.2	
CAM2-GOPR0289-26776	36	932.7	264.6	
CAM2-GOPR0289-26776	37	949.5	266	
CAM2-GOPR0289-26776	38	969.8	270.9	
CAM2-GOPR0289-26776	39	985.2	272.3	
CAM2-GOPR0289-26776	40	1000.6	273.7	
CAM2-GOPR0289-26776	41	1016.7	278.6	
CAM2-GOPR0289-26776	42	1035.6	280.7	
CAM2-GOPR0289-26776	43	1052.4	287.7	
CAM2-GOPR0289-26776	44	1070.6	292.6	
CAM2-GOPR0289-26776	45	1084.6	297.5	
CAM2-GOPR0289-26776	46	1104.9	301.7	
CAM2-GOPR0289-26776	47	1118.2	307.3	
CAM2-GOPR0289-26776	48	1137.8	314.3	
CAM2-GOPR0289-26776	49	1153.9	322	
CAM2-GOPR0289-26776	50	1175.6	327.6	
CAM2-GOPR0289-26776	51	1190.3	336	
CAM2-GOPR0289-26776	52	1209.2	343	
CAM2-GOPR0289-26776	53	1226	350.7	
CAM2-GOPR0289-26776	54	1244.9	361.9	
CAM2-GOPR0289-26776	55	1261	370.3	
CAM2-GOPR0289-26776	56	1274.3	380.1	
CAM2-GOPR0289-26776	57	1297.4	390.6	
CAM2-GOPR0289-26776	58	1314.9	399.7	
CAM2-GOPR0289-26776	59	1333.1	410.2	
CAM2-GOPR0289-26776	60	1348.5	420	
CAM2-GOPR0289-26776	61	1361.1	433.3	
CAM2-GOPR0289-26776	62	1379.3	445.2	
CAM2-GOPR0289-26776	63	1396.1	456.4	
CAM2-GOPR0289-26776	64	1408	465.5	
CAM2-GOPR0289-26776	65	1422	458.5	
CAM2-GOPR0289-26776	66	1436	452.9	
CAM2-GOPR0289-26776	67	1451.4	447.3	
CAM2-GOPR0289-26776	68	1467.5	441	
CAM2-GOPR0289-26776	69	1472.4	439.6	
CAM2-GOPR0289-36404	144	754.2	266	
CAM2-GOPR0289-36404	145	754.667	263.667	
CAM2-GOPR0289-36404	146	754.667	263.667	
CAM2-GOPR0289-36404	147	748.444	244.222	
CAM2-GOPR0289-36404	154	742.222	153.222	
CAM2-GOPR0289-36404	182	757.875	280	
CAM2-GOPR0289-36404	195	731.333	273.778	
CAM2-GOPR0289-36404	196	726.9	282.8	
CAM2-GOPR0289-36404	197	734.6	280	
CAM2-GOPR0289-36404	198	728.3	279.3	
CAM2-GOPR0289-36404	199	725.5	278.6	
CAM2-GOPR0289-36404	200	722	280.778	
CAM2-GOPR0289-36404	201	720.6	275.8	
CAM2-GOPR0289-36404	202	719.667	274.556	
CAM2-GOPR0289-36404	203	715.7	280	
CAM2-GOPR0289-36404	204	718.5	278.6	
CAM2-GOPR0289-36404	205	708	289.1	
CAM2-GOPR0289-36404	206	712.9	276.5	
CAM2-GOPR0289-36404	207	705.2	284.2	
CAM2-GOPR0289-36404	208	708.7	280.7	
CAM2-GOPR0289-36404	209	713.6	282.8	
CAM2-GOPR0289-36404	210	714.3	282.1	
CAM2-GOPR0289-36404	211	706.6	289.1	
CAM2-GOPR0289-36404	212	708	287.7	
CAM2-GOPR0289-36404	213	708.7	287.7	
CAM2-GOPR0289-36404	214	719.2	284.9	
CAM2-GOPR0289-36404	215	713.6	291.9	
CAM2-GOPR0289-36404	216	713.6	291.9	
CAM2-GOPR0289-36404	217	716.4	285.6	
CAM2-GOPR0289-36404	218	724.1	290.5	
CAM2-GOPR0289-36404	219	724.1	290.5	
CAM2-GOPR0289-36404	220	720.6	291.2	
CAM2-GOPR0289-36404	221	713.6	291.9	
CAM2-GOPR0289-36404	222	715	291.9	
CAM2-GOPR0289-36404	223	715	286.3	
CAM2-GOPR0289-36404	224	715	285.6	
CAM2-GOPR0289-36404	225	719.2	280.7	
CAM2-GOPR0289-36404	226	714.3	285.6	
CAM2-GOPR0289-36404	227	724.1	281.4	
CAM2-GOPR0289-36404	228	714.3	288.4	
CAM2-GOPR0289-36404	229	728.3	280	
CAM2-GOPR0289-36404	230	716.4	284.2	
CAM2-GOPR0289-36404	231	722.7	283.5	
CAM2-GOPR0289-36404	232	715.7	286.3	
CAM2-GOPR0289-36404	233	736	280.7	
CAM2-GOPR0289-36404	234	734.6	275.1	
CAM2-GOPR0289-36404	235	733.2	277.9	
CAM2-GOPR0289-36404	236	732.5	279.3	
CAM2-GOPR0289-36404	237	737.4	272.3	
CAM2-GOPR0289-36404	238	731.8	280	
CAM2-GOPR0289-36404	239	731.8	277.9	
CAM2-GOPR0289-36404	240	738.1	277.2	
CAM2-GOPR0289-36404	241	738.8	277.9	
CAM2-GOPR0289-36404	242	738.8	278.6	
CAM2-GOPR0289-36404	243	736.7	273.7	
CAM2-GOPR0289-36404	244	734.6	270.9	
CAM2-GOPR0289-36404	245	733.2	267.4	
CAM2-GOPR0289-36404	246	735.3	277.9	
CAM2-GOPR0289-36404	247	736	277.9	
CAM2-GOPR0289-36404	248	738.8	279.3	
CAM2-GOPR0289-36404	249	734.6	270.9	
CAM2-GOPR0289-36404	250	729.7	270.2	
CAM2-GOPR0289-36404	251	730.4	269.5	
CAM2-GOPR0289-36404	252	729.7	269.5	
CAM2-GOPR0289-36404	253	727.6	267.4	
CAM2-GOPR0289-36404	254	730.4	270.2	
CAM2-GOPR0289-36404	255	727.6	268.8	
CAM2-GOPR0289-36404	256	724.8	266	
CAM2-GOPR0289-36404	257	724.1	268.1	
CAM2-GOPR0289-36404	258	722.7	268.1	
CAM2-GOPR0289-36404	259	722	266	
CAM2-GOPR0289-36404	260	720.6	266.7	
CAM2-GOPR0289-36404	261	719.2	267.4	
CAM2-GOPR0289-36404	27	976	328	
CAM2-GOPR0289-36404	35	955.8	308.7	
CAM2-GOPR0289-36404	38	969.8	311.5	
CAM2-GOPR0289-36404	39	969.8	307.3	
CAM2-GOPR0289-36404	40	979.6	311.5	
CAM2-GOPR0289-36404	42	991.5	315	
CAM2-GOPR0289-36404	89	850.1	270.2	
CAM2-GOPR0289-36404	90	855.7	266.7	
CAM2-GOPR0289-36404	91	862	275.333	
CAM2-GOPR0289-36404	92	863.556	278.444	
CAM2-GOPR0289-36404	94	847.222	260.556	
CAM2-GOPR0289-36404	95	854.222	263.667	
CAM2-GOPR0289-36404	96	856.556	269.889	
CAM2-GOPR0289-6563	11	656.375	285.25	
CAM2-GOPR0289-6563	111	764	516	
CAM2-GOPR0289-6563	13	683.889	282.333	
CAM2-GOPR0289-6563	14	701.7	277.9	
CAM2-GOPR0289-6563	15	712.9	272.3	
CAM2-GOPR0289-6563	16	726.2	270.2	
CAM2-GOPR0289-6563	17	743.7	267.4	
CAM2-GOPR0289-6563	18	754.9	267.4	
CAM2-GOPR0289-6563	190	760.5	544.6	
CAM2-GOPR0289-6563	199	763.125	545.125	
CAM2-GOPR0289-6563	2	757.875	529.375	
CAM2-GOPR0289-6563	22	820.7	265.3	
CAM2-GOPR0289-6563	23	841	262.5	
CAM2-GOPR0289-6563	231	765.556	539	
CAM2-GOPR0289-6563	24	855.7	259.7	
CAM2-GOPR0289-6563	245	770	534	
CAM2-GOPR0289-6563	247	781.5	522.667	
CAM2-GOPR0289-6563	25	871.1	260.4	
CAM2-GOPR0289-6563	26	887.2	259.7	
CAM2-GOPR0289-6563	27	903.3	259	
CAM2-GOPR0289-6563	28	918	260.4	
CAM2-GOPR0289-6563	29	939	262.5	
CAM2-GOPR0289-6563	30	953	264.6	
CAM2-GOPR0289-6563	31	969.1	265.3	
CAM2-GOPR0289-6563	32	990.1	271.6	
CAM2-GOPR0289-6563	33	1002.7	270.9	
CAM2-GOPR0289-6563	34	1020.9	272.3	
CAM2-GOPR0289-6563	35	1039.1	278.6	
CAM2-GOPR0289-6563	36	1053.8	279.3	
CAM2-GOPR0289-6563	37	1072.7	284.2	
CAM2-GOPR0289-6563	38	1087.4	287.7	
CAM2-GOPR0289-6563	39	1104.9	292.6	
CAM2-GOPR0289-6563	40	1120.3	299.6	
CAM2-GOPR0289-6563	41	1135.7	301.7	
CAM2-GOPR0289-6563	42	1154.6	308.7	
CAM2-GOPR0289-6563	43	1170	314.3	
CAM2-GOPR0289-6563	44	1186.1	320.6	
CAM2-GOPR0289-6563	45	1202.9	327.6	
CAM2-GOPR0289-6563	46	1216.2	334.6	
CAM2-GOPR0289-6563	47	1232.3	340.9	
CAM2-GOPR0289-6563	48	1246.3	347.9	
CAM2-GOPR0289-6563	49	1263.1	356.3	
CAM2-GOPR0289-6563	50	1277.1	363.3	
CAM2-GOPR0289-6563	51	1291.1	370.3	
CAM2-GOPR0289-6563	52	1303.7	378.7	
CAM2-GOPR0289-6563	53	1319.1	387.8	
CAM2-GOPR0289-6563	54	1331	395.5	
CAM2-GOPR0289-6563	55	1342.2	402.5	
CAM2-GOPR0289-6563	56	1355.5	413	
CAM2-GOPR0289-6563	57	1368.1	415.1	
CAM2-GOPR0289-6563	58	1376.5	408.1	
CAM2-GOPR0289-6563	59	1387	402.5	
CAM2-GOPR0289-6563	60	1397.5	395.5	
CAM2-GOPR0289-6563	61	1405.9	389.9	
CAM2-GOPR0289-6563	62	1418.5	385	
CAM2-GOPR0289-6563	63	1425.5	378	
CAM2-GOPR0289-6563	64	1434.6	373.8	
CAM2-GOPR0289-6563	65	1442.3	369.6	
CAM2-GOPR0289-6563	66	1453.5	364	
CAM2-GOPR0289-6563	67	1461.9	358.4	
CAM2-GOPR0289-6563	68	1469.6	357	
CAM2-GOPR0289-6563	69	1471	375.9	
CAM2-GOPR0289-6563	7	603.778	308.778	
CAM2-GOPR0289-6563	75	770.125	513.625	
CAM2-GOPR0289-6563	8	616.222	301	
CAM3-GOPR0342-21108	101	478	242.875	
CAM3-GOPR0342-21108	102	479.556	243.556	
CAM3-GOPR0342-21108	114	480.625	242.875	
CAM3-GOPR0342-21108	143	481.5	238.5	
CAM3-GOPR0342-21108	144	479.556	238.111	
CAM3-GOPR0342-21108	146	483.444	238.889	
CAM3-GOPR0342-21108	147	485	238.5	
CAM3-GOPR0342-21108	148	483.444	238.111	
CAM3-GOPR0342-21108	149	485.7	239.2	
CAM3-GOPR0342-21108	156	478.875	237.625	
CAM3-GOPR0342-21108	168	479.556	238.111	
CAM3-GOPR0342-21108	169	479.556	238.111	
CAM3-GOPR0342-21108	17	1083.5	274.667	
CAM3-GOPR0342-21108	170	479.556	238.111	
CAM3-GOPR0342-21108	171	479.556	238.111	
CAM3-GOPR0342-21108	172	479.556	238.111	
CAM3-GOPR0342-21108	173	480.8	239.2	
CAM3-GOPR0342-21108	174	480.8	239.2	
CAM3-GOPR0342-21108	175	479.556	238.111	
CAM3-GOPR0342-21108	177	478.7	239.2	
CAM3-GOPR0342-21108	178	478	238.111	
CAM3-GOPR0342-21108	179	478	238.111	
CAM3-GOPR0342-21108	180	478.7	239.2	
CAM3-GOPR0342-21108	181	478	240.444	
CAM3-GOPR0342-21108	182	478	240.444	
CAM3-GOPR0342-21108	183	478	240.444	
CAM3-GOPR0342-21108	184	479.556	242.778	
CAM3-GOPR0342-21108	190	480.333	244.333	
CAM3-GOPR0342-21108	196	475	248	
CAM3-GOPR0342-21108	208	488.5	243.75	
CAM3-GOPR0342-21108	219	486.75	248.125	
CAM3-GOPR0342-21108	220	487.333	249	
CAM3-GOPR0342-21108	222	487.625	249.875	
CAM3-GOPR0342-21108	249	490.444	245.889	
CAM3-GOPR0342-21108	25	926	312	
CAM3-GOPR0342-21108	251	488.889	249	
CAM3-GOPR0342-21108	258	480.625	253.375	
CAM3-GOPR0342-21108	47	532.6	354	
CAM3-GOPR0342-21108	48	516.111	329.889	
CAM3-GOPR0342-21108	5	1304	266.889	
CAM3-GOPR0342-21108	50	523.111	375	
CAM3-GOPR0342-21108	52	492	391.8	
CAM3-GOPR0342-21108	53	475.9	398.1	
CAM3-GOPR0342-21108	55	506.778	298.778	
CAM3-GOPR0342-21108	62	509.889	308.111	
CAM3-GOPR0342-21108	63	509.5	309.2	
CAM3-GOPR0342-21108	68	507.556	301.111	
CAM3-GOPR0342-21108	7	1269	266.5	
CAM3-GOPR0342-21108	90	485.778	243.556	
CAM3-GOPR0342-21108	98	481.5	242.875	
CAM3-GOPR0342-25341	10	1241.7	262.3	
CAM3-GOPR0342-25341	11	1223.89	260.667	
CAM3-GOPR0342-25341	17	1102.56	259.111	
CAM3-GOPR0342-25341	179	933.875	595.5	
CAM3-GOPR0342-25341	20	1042.9	269.3	
CAM3-GOPR0342-25341	205	936.5	596.667	
CAM3-GOPR0342-25341	21	1017	270	
CAM3-GOPR0342-25341	22	1003.7	272.8	
CAM3-GOPR0342-25341	23	974	280	
CAM3-GOPR0342-25341	24	961	282.444	
CAM3-GOPR0342-25341	240	929.889	599	
CAM3-GOPR0342-25341	244	930.375	599	
CAM3-GOPR0342-25341	26	922.5	291	
CAM3-GOPR0342-25341	38	712.5	375	
CAM3-GOPR0342-25341	44	628.5	431	
CAM3-GOPR0342-25341	54	492.778	416.222	
CAM3-GOPR0342-25341	55	477.125	416.125	
CAM3-GOPR0342-25341	56	479.4	400.9	
CAM3-GOPR0342-25341	6	1320.1	270.7	
CAM3-GOPR0342-25341	66	933	599	
CAM3-GOPR0342-25341	7	1304	266.5	
CAM3-GOPR0342-25341	9	1259.9	263.7	
CAM3-GOPR0342-28065	10	978.111	414.667	
CAM3-GOPR0342-28065	100	1006.11	416.222	
CAM3-GOPR0342-28065	101	1005.1	415.6	
CAM3-GOPR0342-28065	102	1006.11	416.222	
CAM3-GOPR0342-28065	103	998.8	414.2	
CAM3-GOPR0342-28065	104	1006.11	416.222	
CAM3-GOPR0342-28065	106	1006.11	416.222	
CAM3-GOPR0342-28065	107	998.1	414.2	
CAM3-GOPR0342-28065	108	1006.11	416.222	
CAM3-GOPR0342-28065	11	978.5	411.4	
CAM3-GOPR0342-28065	114	993.9	412.8	
CAM3-GOPR0342-28065	115	1010.88	415.25	
CAM3-GOPR0342-28065	116	1010.78	416.222	
CAM3-GOPR0342-28065	117	1010.78	416.222	
CAM3-GOPR0342-28065	118	1010.78	416.222	
CAM3-GOPR0342-28065	119	1012.1	415.6	
CAM3-GOPR0342-28065	12	978.5	410	
CAM3-GOPR0342-28065	120	1013.5	417	
CAM3-GOPR0342-28065	121	1013.5	417	
CAM3-GOPR0342-28065	122	1012.1	415.6	
CAM3-GOPR0342-28065	123	1012.1	415.6	
CAM3-GOPR0342-28065	124	1012.1	415.6	
CAM3-GOPR0342-28065	125	1012.1	415.6	
CAM3-GOPR0342-28065	126	1012.1	415.6	
CAM3-GOPR0342-28065	127	1013.11	416.222	
CAM3-GOPR0342-28065	128	1013.11	416.222	
CAM3-GOPR0342-28065	129	1013.11	416.222	
CAM3-GOPR0342-28065	130	1013.11	416.222	
CAM3-GOPR0342-28065	131	1013.11	416.222	
CAM3-GOPR0342-28065	132	1013.11	416.222	
CAM3-GOPR0342-28065	133	1013.11	416.222	
CAM3-GOPR0342-28065	134	1013.11	416.222	
CAM3-GOPR0342-28065	135	1013.11	416.222	
CAM3-GOPR0342-28065	136	1014.38	415.25	
CAM3-GOPR0342-28065	138	1013.5	417	
CAM3-GOPR0342-28065	139	1013.11	416.222	
CAM3-GOPR0342-28065	141	1014.38	415.25	
CAM3-GOPR0342-28065	142	1014.67	416.222	
CAM3-GOPR0342-28065	144	997.556	411.556	
CAM3-GOPR0342-28065	146	1008.6	414.9	
CAM3-GOPR0342-28065	147	1016.12	416.125	
CAM3-GOPR0342-28065	148	1016.12	416.125	
CAM3-GOPR0342-28065	149	1017.78	416.222	
CAM3-GOPR0342-28065	150	1018.4	417	
CAM3-GOPR0342-28065	151	1018.4	417	
CAM3-GOPR0342-28065	152	1018.4	417	
CAM3-GOPR0342-28065	153	1017.78	416.222	
CAM3-GOPR0342-28065	154	1019.33	417.778	
CAM3-GOPR0342-28065	155	1018.4	419.1	
CAM3-GOPR0342-28065	156	1020.11	416.222	
CAM3-GOPR0342-28065	157	1020.11	416.222	
CAM3-GOPR0342-28065	158	1020.11	416.222	
CAM3-GOPR0342-28065	159	1020.11	416.222	
CAM3-GOPR0342-28065	16	975	406.5	
CAM3-GOPR0342-28065	160	1020.5	417	
CAM3-GOPR0342-28065	161	1010.7	415.6	
CAM3-GOPR0342-28065	162	1020.5	417	
CAM3-GOPR0342-28065	163	1020.5	417	
CAM3-GOPR0342-28065	164	1011.4	414.2	
CAM3-GOPR0342-28065	165	1020.5	417	
CAM3-GOPR0342-28065	166	1020.5	417	
CAM3-GOPR0342-28065	167	1020.5	417	
CAM3-GOPR0342-28065	168	1020.5	418.4	
CAM3-GOPR0342-28065	169	1020.5	418.4	
CAM3-GOPR0342-28065	170	1020.5	417	
CAM3-GOPR0342-28065	172	1020.5	417	
CAM3-GOPR0342-28065	173	1020.5	417	
CAM3-GOPR0342-28065	174	1021.67	420.889	
CAM3-GOPR0342-28065	176	1022.6	419.8	
CAM3-GOPR0342-28065	177	1023.22	418.556	
CAM3-GOPR0342-28065	178	1022.6	417.7	
CAM3-GOPR0342-28065	179	1024	419.333	
CAM3-GOPR0342-28065	180	1022.6	419.8	
CAM3-GOPR0342-28065	181	1024	419.333	
CAM3-GOPR0342-28065	182	1024	419.333	
CAM3-GOPR0342-28065	183	1023.3	418.4	
CAM3-GOPR0342-28065	184	1023.3	418.4	
CAM3-GOPR0342-28065	185	1024	419.333	
CAM3-GOPR0342-28065	186	1024	419.333	
CAM3-GOPR0342-28065	187	1024	419.333	
CAM3-GOPR0342-28065	189	1023.3	418.4	
CAM3-GOPR0342-28065	190	1024	419.333	
CAM3-GOPR0342-28065	191	1024	419.333	
CAM3-GOPR0342-28065	192	1024	419.333	
CAM3-GOPR0342-28065	194	1025.4	419.1	
CAM3-GOPR0342-28065	196	1023.22	421.667	
CAM3-GOPR0342-28065	197	1023.22	421.667	
CAM3-GOPR0342-28065	198	1025.4	419.1	
CAM3-GOPR0342-28065	199	1027.5	418.4	
CAM3-GOPR0342-28065	2	968.875	406.5	
CAM3-GOPR0342-28065	20	982	410	
CAM3-GOPR0342-28065	200	1026.1	420.5	
CAM3-GOPR0342-28065	201	1024.7	421.2	
CAM3-GOPR0342-28065	202	1024.78	422.444	
CAM3-GOPR0342-28065	203	1024.7	421.2	
CAM3-GOPR0342-28065	204	1026.8	420.5	
CAM3-GOPR0342-28065	205	1025.56	420.111	
CAM3-GOPR0342-28065	206	1026.1	422.6	
CAM3-GOPR0342-28065	207	1026.1	422.6	
CAM3-GOPR0342-28065	208	1026.1	422.6	
CAM3-GOPR0342-28065	209	1026.1	422.6	
CAM3-GOPR0342-28065	21	976.556	409.222	
CAM3-GOPR0342-28065	210	1026.1	422.6	
CAM3-GOPR0342-28065	211	1026.1	422.6	
CAM3-GOPR0342-28065	212	1026.1	422.6	
CAM3-GOPR0342-28065	213	1026.1	422.6	
CAM3-GOPR0342-28065	214	1026.1	422.6	
CAM3-GOPR0342-28065	215	1026.1	422.6	
CAM3-GOPR0342-28065	216	1026.1	422.6	
CAM3-GOPR0342-28065	217	1026.1	422.6	
CAM3-GOPR0342-28065	218	1026.1	422.6	
CAM3-GOPR0342-28065	219	1027.11	423.222	
CAM3-GOPR0342-28065	220	1026.1	422.6	
CAM3-GOPR0342-28065	221	1026.1	422.6	
CAM3-GOPR0342-28065	222	1026.1	422.6	
CAM3-GOPR0342-28065	223	1026.1	422.6	
CAM3-GOPR0342-28065	224	1027.11	423.222	
CAM3-GOPR0342-28065	225	1027.11	423.222	
CAM3-GOPR0342-28065	226	1026.1	422.6	
CAM3-GOPR0342-28065	227	1027.11	423.222	
CAM3-GOPR0342-28065	228	1027.5	424	
CAM3-GOPR0342-28065	229	1027.11	423.222	
CAM3-GOPR0342-28065	230	1027.5	424	
CAM3-GOPR0342-28065	231	1027.5	424	
CAM3-GOPR0342-28065	232	1027.5	424	
CAM3-GOPR0342-28065	233	1027.5	424	
CAM3-GOPR0342-28065	234	1027.5	424	
CAM3-GOPR0342-28065	235	1027.5	424	
CAM3-GOPR0342-28065	236	1027.5	424	
CAM3-GOPR0342-28065	237	1027.5	424	
CAM3-GOPR0342-28065	238	1027.5	424	
CAM3-GOPR0342-28065	239	1027.5	424	
CAM3-GOPR0342-28065	24	984.1	415.6	
CAM3-GOPR0342-28065	240	1027.5	424	
CAM3-GOPR0342-28065	241	1027.5	424	
CAM3-GOPR0342-28065	242	1027.5	424	
CAM3-GOPR0342-28065	243	1027.5	424	
CAM3-GOPR0342-28065	244	1027.11	423.222	
CAM3-GOPR0342-28065	245	1029.6	424	
CAM3-GOPR0342-28065	247	1027.5	424	
CAM3-GOPR0342-28065	248	1027.5	424	
CAM3-GOPR0342-28065	249	1027.5	424	
CAM3-GOPR0342-28065	25	984.1	415.6	
CAM3-GOPR0342-28065	250	1027.5	424	
CAM3-GOPR0342-28065	251	1029.6	424.7	
CAM3-GOPR0342-28065	252	1027.5	424	
CAM3-GOPR0342-28065	253	1027.5	424	
CAM3-GOPR0342-28065	254	1029.44	424	
CAM3-GOPR0342-28065	255	1029.6	424	
CAM3-GOPR0342-28065	256	1028.2	424	
CAM3-GOPR0342-28065	257	1028.2	424	
CAM3-GOPR0342-28065	258	1029.6	424.7	
CAM3-GOPR0342-28065	259	1029.6	424.7	
CAM3-GOPR0342-28065	26	985.5	411.4	
CAM3-GOPR0342-28065	260	1029.6	424	
CAM3-GOPR0342-28065	261	1029.6	424.7	
CAM3-GOPR0342-28065	262	1030.3	425.4	
CAM3-GOPR0342-28065	263	1031	424	
CAM3-GOPR0342-28065	264	1029.6	424.7	
CAM3-GOPR0342-28065	265	1029.6	424.7	
CAM3-GOPR0342-28065	266	1031	426.333	
CAM3-GOPR0342-28065	267	1030.3	425.4	
CAM3-GOPR0342-28065	268	1029.6	426.1	
CAM3-GOPR0342-28065	269	1029.6	426.1	
CAM3-GOPR0342-28065	27	984.333	410.778	
CAM3-GOPR0342-28065	270	1028.9	425.4	
CAM3-GOPR0342-28065	30	985.5	410	
CAM3-GOPR0342-28065	31	985.5	410	
CAM3-GOPR0342-28065	32	985.5	410	
CAM3-GOPR0342-28065	33	986.667	409.222	
CAM3-GOPR0342-28065	34	986.667	409.222	
CAM3-GOPR0342-28065	35	989	410	
CAM3-GOPR0342-28065	44	991.333	410.778	
CAM3-GOPR0342-28065	45	991.333	410.778	
CAM3-GOPR0342-28065	46	992.111	409.222	
CAM3-GOPR0342-28065	47	991.333	410.778	
CAM3-GOPR0342-28065	48	991.333	410.778	
CAM3-GOPR0342-28065	49	992.5	411.4	
CAM3-GOPR0342-28065	52	992.111	416.222	
CAM3-GOPR0342-28065	53	992.111	416.222	
CAM3-GOPR0342-28065	54	992.5	413.5	
CAM3-GOPR0342-28065	55	994.6	410.7	
CAM3-GOPR0342-28065	56	992.5	410	
CAM3-GOPR0342-28065	57	992.5	410	
CAM3-GOPR0342-28065	58	994.6	410	
CAM3-GOPR0342-28065	59	996	410	
CAM3-GOPR0342-28065	60	989.7	408.6	
CAM3-GOPR0342-28065	61	996	410	
CAM3-GOPR0342-28065	62	996.875	410.875	
CAM3-GOPR0342-28065	63	998.333	414.667	
CAM3-GOPR0342-28065	64	990.4	413.5	
CAM3-GOPR0342-28065	65	996.778	416.222	
CAM3-GOPR0342-28065	66	998.1	415.6	
CAM3-GOPR0342-28065	67	998.1	415.6	
CAM3-GOPR0342-28065	68	996.7	414.2	
CAM3-GOPR0342-28065	69	999.5	411.4	
CAM3-GOPR0342-28065	70	999.5	411.4	
CAM3-GOPR0342-28065	71	999.5	411.4	
CAM3-GOPR0342-28065	72	999.5	411.4	
CAM3-GOPR0342-28065	73	999.5	411.4	
CAM3-GOPR0342-28065	74	999.5	411.4	
CAM3-GOPR0342-28065	75	998.1	415.6	
CAM3-GOPR0342-28065	76	998.1	415.6	
CAM3-GOPR0342-28065	77	999.111	416.222	
CAM3-GOPR0342-28065	78	999.111	416.222	
CAM3-GOPR0342-28065	79	998.1	415.6	
CAM3-GOPR0342-28065	80	999.5	414.9	
CAM3-GOPR0342-28065	81	1000.67	413.889	
CAM3-GOPR0342-28065	82	1001.6	412.8	
CAM3-GOPR0342-28065	83	1001.6	412.8	
CAM3-GOPR0342-28065	84	1001.6	412.8	
CAM3-GOPR0342-28065	87	986.667	411.556	
CAM3-GOPR0342-28065	89	1004.4	417	
CAM3-GOPR0342-28065	9	977.1	415.6	
CAM3-GOPR0342-28065	90	1005.33	414.667	
CAM3-GOPR0342-28065	91	1005.33	414.667	
CAM3-GOPR0342-28065	92	1005.1	415.6	
CAM3-GOPR0342-28065	93	1005.1	415.6	
CAM3-GOPR0342-28065	94	1005.1	415.6	
CAM3-GOPR0342-28065	95	1003.78	415.444	
CAM3-GOPR0342-28065	96	1005.1	415.6	
CAM3-GOPR0342-28065	97	1005.1	415.6	
CAM3-GOPR0342-28065	98	1005.1	415.6	
CAM3-GOPR0342-28065	99	1005.1	415.6	
CAM3-GOPR0342-31415	11	1162.25	246.375	
CAM3-GOPR0342-31415	115	929.889	602.111	
CAM3-GOPR0342-31415	13	1118.89	248.222	
CAM3-GOPR0342-31415	136	932.3	600.4	
CAM3-GOPR0342-31415	14	1088.4	246.9	
CAM3-GOPR0342-31415	149	931	597	
CAM3-GOPR0342-31415	207	929.5	599	
CAM3-GOPR0342-31415	21	920.4	244.1	
CAM3-GOPR0342-31415	220	931.6	597.6	
CAM3-GOPR0342-31415	26	794.4	249	
CAM3-GOPR0342-31415	34	608.667	271.556	
CAM3-GOPR0342-31415	35	594.9	274.2	
CAM3-GOPR0342-31415	36	578.1	278.4	
CAM3-GOPR0342-31415	37	558.5	282.6	
CAM3-GOPR0342-31415	38	539.6	288.2	
CAM3-GOPR0342-31415	39	518.6	292.4	
CAM3-GOPR0342-31415	4	1326.56	272.333	
CAM3-GOPR0342-31415	40	502.5	298	
CAM3-GOPR0342-31415	41	487.8	305	
CAM3-GOPR0342-31415	42	474.5	305	
CAM3-GOPR0342-31415	5	1311	266.5	
CAM3-GOPR0342-31415	56	937.667	582.667	
CAM3-GOPR0342-31415	6	1285.8	264.4	
CAM3-GOPR0342-31415	61	940	597.25	
CAM3-GOPR0342-31415	7	1266.2	259.5	
CAM3-GOPR0342-31415	78	933	594	
CAM3-GOPR0342-31415	8	1236.8	259.5	
CAM3-GOPR0342-31415	92	936.5	592	
CAM3-GOPR0342-31415	98	937	601	
CAM3-GOPR0342-34168	1	954.7	575.9	
CAM3-GOPR0342-34168	10	952.6	578	
CAM3-GOPR0342-34168	100	955.4	585.7	
CAM3-GOPR0342-34168	101	955.4	585.7	
CAM3-GOPR0342-34168	102	955.4	585.7	
CAM3-GOPR0342-34168	103	955.4	585.7	
CAM3-GOPR0342-34168	104	955.4	585.7	
CAM3-GOPR0342-34168	105	955.4	585.7	
CAM3-GOPR0342-34168	106	955.4	585.7	
CAM3-GOPR0342-34168	107	955.4	587.8	
CAM3-GOPR0342-34168	108	953.3	587.1	
CAM3-GOPR0342-34168	109	952.6	587.8	
CAM3-GOPR0342-34168	11	954.7	578	
CAM3-GOPR0342-34168	110	952.6	587.8	
CAM3-GOPR0342-34168	111	952.6	587.8	
CAM3-GOPR0342-34168	112	952.6	587.8	
CAM3-GOPR0342-34168	113	952.6	587.8	
CAM3-GOPR0342-34168	114	952.6	587.8	
CAM3-GOPR0342-34168	115	952.6	587.8	
CAM3-GOPR0342-34168	116	950.5	588.5	
CAM3-GOPR0342-34168	117	949.8	588.5	
CAM3-GOPR0342-34168	118	952.6	587.8	
CAM3-GOPR0342-34168	119	949.8	588.5	
CAM3-GOPR0342-34168	120	950.5	588.5	
CAM3-GOPR0342-34168	121	950.5	588.5	
CAM3-GOPR0342-34168	122	950.5	588.5	
CAM3-GOPR0342-34168	123	950.5	588.5	
CAM3-GOPR0342-34168	124	950.5	588.5	
CAM3-GOPR0342-34168	125	950.111	589.667	
CAM3-GOPR0342-34168	126	951.2	590.6	
CAM3-GOPR0342-34168	127	951.2	590.6	
CAM3-GOPR0342-34168	128	949.1	590.6	
CAM3-GOPR0342-34168	129	949.1	590.6	
CAM3-GOPR0342-34168	13	951.667	576.444	
CAM3-GOPR0342-34168	130	949.1	590.6	
CAM3-GOPR0342-34168	131	950.5	590.6	
CAM3-GOPR0342-34168	132	949.1	590.6	
CAM3-GOPR0342-34168	133	951.2	590.6	
CAM3-GOPR0342-34168	134	951.2	590.6	
CAM3-GOPR0342-34168	135	951.2	592	
CAM3-GOPR0342-34168	136	951.2	592	
CAM3-GOPR0342-34168	137	951.2	592	
CAM3-GOPR0342-34168	138	949.1	590.6	
CAM3-GOPR0342-34168	139	949.1	590.6	
CAM3-GOPR0342-34168	14	951.9	578.7	
CAM3-GOPR0342-34168	140	951.2	590.6	
CAM3-GOPR0342-34168	141	951.2	592	
CAM3-GOPR0342-34168	142	951.2	590.6	
CAM3-GOPR0342-34168	143	951.2	592	
CAM3-GOPR0342-34168	144	949.1	590.6	
CAM3-GOPR0342-34168	145	949.1	590.6	
CAM3-GOPR0342-34168	146	949.1	590.6	
CAM3-GOPR0342-34168	147	949.1	590.6	
CAM3-GOPR0342-34168	148	949.1	590.6	
CAM3-GOPR0342-34168	149	949.1	590.6	
CAM3-GOPR0342-34168	15	951.9	578.7	
CAM3-GOPR0342-34168	150	949.1	590.6	
CAM3-GOPR0342-34168	151	948.4	592	
CAM3-GOPR0342-34168	152	951.2	592	
CAM3-GOPR0342-34168	153	951.2	592	
CAM3-GOPR0342-34168	154	951.2	592	
CAM3-GOPR0342-34168	155	951.2	592	
CAM3-GOPR0342-34168	156	949.1	592	
CAM3-GOPR0342-34168	157	951.2	592	
CAM3-GOPR0342-34168	158	951.2	592	
CAM3-GOPR0342-34168	159	949.1	590.6	
CAM3-GOPR0342-34168	160	949.1	590.6	
CAM3-GOPR0342-34168	161	949.1	592	
CAM3-GOPR0342-34168	162	951.2	592	
CAM3-GOPR0342-34168	163	951.2	592	
CAM3-GOPR0342-34168	164	949.1	592	
CAM3-GOPR0342-34168	165	950.5	594.1	
CAM3-GOPR0342-34168	166	949.1	592	
CAM3-GOPR0342-34168	167	949.1	592	
CAM3-GOPR0342-34168	168	943.5	594.8	
CAM3-GOPR0342-34168	169	949.1	592	
CAM3-GOPR0342-34168	17	950.5	578.7	
CAM3-GOPR0342-34168	170	951.2	592	
CAM3-GOPR0342-34168	171	951.2	592	
CAM3-GOPR0342-34168	172	951.2	592	
CAM3-GOPR0342-34168	173	949.1	592	
CAM3-GOPR0342-34168	174	950.5	594.1	
CAM3-GOPR0342-34168	175	949.1	592	
CAM3-GOPR0342-34168	176	950.5	593.4	
CAM3-GOPR0342-34168	177	950.889	594.333	
CAM3-GOPR0342-34168	178	951.2	592	
CAM3-GOPR0342-34168	179	951.2	592	
CAM3-GOPR0342-34168	18	952.6	578.7	
CAM3-GOPR0342-34168	180	951.2	592	
CAM3-GOPR0342-34168	181	951.2	592	
CAM3-GOPR0342-34168	182	951.2	592	
CAM3-GOPR0342-34168	183	951.2	592	
CAM3-GOPR0342-34168	184	951.2	592	
CAM3-GOPR0342-34168	185	951.2	592	
CAM3-GOPR0342-34168	186	950.5	594.1	
CAM3-GOPR0342-34168	187	944.9	596.2	
CAM3-GOPR0342-34168	188	950.5	594.1	
CAM3-GOPR0342-34168	189	949.1	592	
CAM3-GOPR0342-34168	19	949.333	577.222	
CAM3-GOPR0342-34168	190	950.5	593.4	
CAM3-GOPR0342-34168	191	949.8	594.1	
CAM3-GOPR0342-34168	192	951.2	592	
CAM3-GOPR0342-34168	193	951.2	592	
CAM3-GOPR0342-34168	194	951.2	592	
CAM3-GOPR0342-34168	195	951.2	592	
CAM3-GOPR0342-34168	196	951.2	592	
CAM3-GOPR0342-34168	197	947.7	594.1	
CAM3-GOPR0342-34168	198	951.2	592	
CAM3-GOPR0342-34168	199	951.2	592	
CAM3-GOPR0342-34168	2	953.3	580.1	
CAM3-GOPR0342-34168	20	949.8	579.4	
CAM3-GOPR0342-34168	200	951.2	592	
CAM3-GOPR0342-34168	201	951.2	592	
CAM3-GOPR0342-34168	202	951.2	592	
CAM3-GOPR0342-34168	203	951.2	592	
CAM3-GOPR0342-34168	204	951.2	592	
CAM3-GOPR0342-34168	205	949.8	592.7	
CAM3-GOPR0342-34168	206	951.2	592	
CAM3-GOPR0342-34168	207	951.2	592	
CAM3-GOPR0342-34168	208	951.2	592	
CAM3-GOPR0342-34168	209	949.1	592	
CAM3-GOPR0342-34168	21	950.5	577.3	
CAM3-GOPR0342-34168	210	951.2	592	
CAM3-GOPR0342-34168	211	951.2	592	
CAM3-GOPR0342-34168	212	951.2	592	
CAM3-GOPR0342-34168	213	949.1	592	
CAM3-GOPR0342-34168	214	949.1	592	
CAM3-GOPR0342-34168	215	951.2	592	
CAM3-GOPR0342-34168	216	951.2	592	
CAM3-GOPR0342-34168	217	949.1	592	
CAM3-GOPR0342-34168	218	949.1	592	
CAM3-GOPR0342-34168	219	951.2	592	
CAM3-GOPR0342-34168	22	948.4	577.3	
CAM3-GOPR0342-34168	220	951.2	592	
CAM3-GOPR0342-34168	221	949.1	592	
CAM3-GOPR0342-34168	222	949.1	590.6	
CAM3-GOPR0342-34168	223	949.1	590.6	
CAM3-GOPR0342-34168	224	949.1	590.6	
CAM3-GOPR0342-34168	225	944.2	595.5	
CAM3-GOPR0342-34168	226	949.1	590.6	
CAM3-GOPR0342-34168	227	949.1	590.6	
CAM3-GOPR0342-34168	228	949.1	590.6	
CAM3-GOPR0342-34168	229	949.1	590.6	
CAM3-GOPR0342-34168	23	948.4	577.3	
CAM3-GOPR0342-34168	230	949.1	590.6	
CAM3-GOPR0342-34168	231	949.1	590.6	
CAM3-GOPR0342-34168	232	949.1	590.6	
CAM3-GOPR0342-34168	233	949.1	590.6	
CAM3-GOPR0342-34168	234	949.1	590.6	
CAM3-GOPR0342-34168	235	949.1	590.6	
CAM3-GOPR0342-34168	236	949.1	590.6	
CAM3-GOPR0342-34168	237	949.1	590.6	
CAM3-GOPR0342-34168	238	949.1	590.6	
CAM3-GOPR0342-34168	239	949.1	590.6	
CAM3-GOPR0342-34168	240	949.1	590.6	
CAM3-GOPR0342-34168	241	949.1	590.6	
CAM3-GOPR0342-34168	242	949.1	590.6	
CAM3-GOPR0342-34168	243	949.1	590.6	
CAM3-GOPR0342-34168	244	947.7	589.9	
CAM3-GOPR0342-34168	245	947.7	590.6	
CAM3-GOPR0342-34168	246	949.1	590.6	
CAM3-GOPR0342-34168	247	949.1	590.6	
CAM3-GOPR0342-34168	248	949.1	590.6	
CAM3-GOPR0342-34168	249	951.9	590.6	
CAM3-GOPR0342-34168	25	949.333	577.222	
CAM3-GOPR0342-34168	250	951.2	590.6	
CAM3-GOPR0342-34168	251	951.2	590.6	
CAM3-GOPR0342-34168	252	950.5	590.6	
CAM3-GOPR0342-34168	253	949.1	590.6	
CAM3-GOPR0342-34168	254	949.1	590.6	
CAM3-GOPR0342-34168	255	949.1	590.6	
CAM3-GOPR0342-34168	256	949.1	590.6	
CAM3-GOPR0342-34168	26	948.4	577.3	
CAM3-GOPR0342-34168	28	949.1	578.7	
CAM3-GOPR0342-34168	29	947.7	580.8	
CAM3-GOPR0342-34168	3	954	577.3	
CAM3-GOPR0342-34168	33	949.8	581.5	
CAM3-GOPR0342-34168	34	950.5	581.5	
CAM3-GOPR0342-34168	35	950.889	581.111	
CAM3-GOPR0342-34168	40	950.5	581.5	
CAM3-GOPR0342-34168	41	950.5	581.5	
CAM3-GOPR0342-34168	42	950.5	581.5	
CAM3-GOPR0342-34168	43	950.5	581.5	
CAM3-GOPR0342-34168	44	950.5	581.5	
CAM3-GOPR0342-34168	45	950.5	581.5	
CAM3-GOPR0342-34168	46	950.5	581.5	
CAM3-GOPR0342-34168	47	950.5	581.5	
CAM3-GOPR0342-34168	48	948.4	582.9	
CAM3-GOPR0342-34168	49	950.5	581.5	
CAM3-GOPR0342-34168	5	954	577.3	
CAM3-GOPR0342-34168	50	950.5	581.5	
CAM3-GOPR0342-34168	51	949.8	580.1	
CAM3-GOPR0342-34168	52	950.5	581.5	
CAM3-GOPR0342-34168	53	949.8	580.1	
CAM3-GOPR0342-34168	54	949.8	580.1	
CAM3-GOPR0342-34168	55	950.5	581.5	
CAM3-GOPR0342-34168	56	949.8	580.1	
CAM3-GOPR0342-34168	57	949.8	580.1	
CAM3-GOPR0342-34168	58	951.2	581.5	
CAM3-GOPR0342-34168	59	949.8	584.3	
CAM3-GOPR0342-34168	6	952.444	578.778	
CAM3-GOPR0342-34168	60	949.8	584.3	
CAM3-GOPR0342-34168	61	949.8	584.3	
CAM3-GOPR0342-34168	62	949.8	584.3	
CAM3-GOPR0342-34168	63	949.8	586.4	
CAM3-GOPR0342-34168	64	949.8	586.4	
CAM3-GOPR0342-34168	65	949.8	586.4	
CAM3-GOPR0342-34168	66	949.8	586.4	
CAM3-GOPR0342-34168	67	949.8	587.1	
CAM3-GOPR0342-34168	68	951.9	585.7	
CAM3-GOPR0342-34168	69	949.8	585.7	
CAM3-GOPR0342-34168	7	951.9	578.7	
CAM3-GOPR0342-34168	70	949.8	585.7	
CAM3-GOPR0342-34168	71	952.6	585	
CAM3-GOPR0342-34168	72	952.6	586.4	
CAM3-GOPR0342-34168	73	951.9	587.1	
CAM3-GOPR0342-34168	74	951.9	587.1	
CAM3-GOPR0342-34168	75	951.9	587.1	
CAM3-GOPR0342-34168	76	951.9	587.1	
CAM3-GOPR0342-34168	77	954	585.7	
CAM3-GOPR0342-34168	78	954	584.3	
CAM3-GOPR0342-34168	79	954	584.3	
CAM3-GOPR0342-34168	8	954	577.3	
CAM3-GOPR0342-34168	80	954	584.3	
CAM3-GOPR0342-34168	81	954	584.3	
CAM3-GOPR0342-34168	82	954	584.3	
CAM3-GOPR0342-34168	83	954	584.3	
CAM3-GOPR0342-34168	84	954	584.3	
CAM3-GOPR0342-34168	85	954	584.3	
CAM3-GOPR0342-34168	86	954	584.3	
CAM3-GOPR0342-34168	87	954	584.3	
CAM3-GOPR0342-34168	88	954	584.3	
CAM3-GOPR0342-34168	89	954	584.3	
CAM3-GOPR0342-34168	9	951.9	578.7	
CAM3-GOPR0342-34168	90	954	584.3	
CAM3-GOPR0342-34168	91	955.4	585	
CAM3-GOPR0342-34168	92	955.4	585	
CAM3-GOPR0342-34168	93	954.7	585	
CAM3-GOPR0342-34168	94	955.4	585	
CAM3-GOPR0342-34168	95	955.4	585	
CAM3-GOPR0342-34168	96	955.4	585	
CAM3-GOPR0342-34168	97	955.4	585.7	
CAM3-GOPR0342-34168	98	955.4	585	
CAM3-GOPR0342-34168	99	955.4	585.7	
CAM3-GOPR0343-14117	108	927.167	603.667	
CAM3-GOPR0343-14117	139	936.5	595.5	
CAM3-GOPR0343-14117	143	936.111	594.333	
CAM3-GOPR0343-14117	146	940	597.25	
CAM3-GOPR0343-14117	153	940.778	592.778	
CAM3-GOPR0343-14117	16	649.111	542.222	
CAM3-GOPR0343-14117	17	649.5	544.4	
CAM3-GOPR0343-14117	18	648.1	548.6	
CAM3-GOPR0343-14117	19	648.333	547.667	
CAM3-GOPR0343-14117	2	677.111	556.222	
CAM3-GOPR0343-14117	20	646.778	549.222	
CAM3-GOPR0343-14117	21	646.778	550.778	
CAM3-GOPR0343-14117	219	936.111	592.778	
CAM3-GOPR0343-14117	224	938	600	
CAM3-GOPR0343-14117	251	929	602	
CAM3-GOPR0343-14117	27	641.1	569.6	
CAM3-GOPR0343-14117	28	642.111	570.222	
CAM3-GOPR0343-14117	29	642.111	577.222	
CAM3-GOPR0343-14117	3	676.1	555.6	
CAM3-GOPR0343-14117	30	642.5	579.4	
CAM3-GOPR0343-14117	4	675.556	551.556	
CAM3-GOPR0343-14117	46	613.333	575.667	
CAM3-GOPR0343-14117	5	670.111	549.222	
CAM3-GOPR0343-14117	51	607.111	584.222	
CAM3-GOPR0343-14117	53	606.1	590.6	
CAM3-GOPR0343-14117	7	669.1	546.5	
CAM3-GOPR0343-14117	89	486.4	368	
CAM3-GOPR0343-14117	90	481.5	369.4	
CAM3-GOPR0343-14117	91	478.778	374.222	
CAM3-GOPR0343-14117	92	473.1	377.1	
CAM3-GOPR0343-14117	93	471	382	
CAM3-GOPR0343-14117	94	468.667	385.111	
CAM3-GOPR0343-16754	109	979.667	467.556	
CAM3-GOPR0343-16754	110	982	466	
CAM3-GOPR0343-16754	111	980.444	465.222	
CAM3-GOPR0343-16754	121	979.667	466.778	
CAM3-GOPR0343-16754	124	979.667	466.778	
CAM3-GOPR0343-16754	125	979.667	466.778	
CAM3-GOPR0343-16754	131	978.111	470.667	
CAM3-GOPR0343-16754	145	978.111	472.222	
CAM3-GOPR0343-16754	160	977.333	473.778	
CAM3-GOPR0343-16754	161	978.111	475.333	
CAM3-GOPR0343-16754	162	977.1	476.5	
CAM3-GOPR0343-16754	163	977.1	476.5	
CAM3-GOPR0343-16754	164	978.111	475.333	
CAM3-GOPR0343-16754	165	978.111	475.333	
CAM3-GOPR0343-16754	166	978.111	475.333	
CAM3-GOPR0343-16754	167	978.111	475.333	
CAM3-GOPR0343-16754	168	978.111	475.333	
CAM3-GOPR0343-16754	169	977.333	477.667	
CAM3-GOPR0343-16754	193	974.222	480.778	
CAM3-GOPR0343-16754	194	974.222	481.556	
CAM3-GOPR0343-16754	195	971.889	482.333	
CAM3-GOPR0343-16754	207	972.667	486.222	
CAM3-GOPR0343-16754	208	971.111	486.222	
CAM3-GOPR0343-16754	209	971.111	486.222	
CAM3-GOPR0343-16754	210	970.1	485.6	
CAM3-GOPR0343-16754	211	972.667	486.222	
CAM3-GOPR0343-16754	212	972.667	486.222	
CAM3-GOPR0343-16754	213	972.667	486.222	
CAM3-GOPR0343-16754	214	972.667	486.222	
CAM3-GOPR0343-16754	215	971.5	487	
CAM3-GOPR0343-16754	216	971.5	488.4	
CAM3-GOPR0343-16754	217	972.9	487	
CAM3-GOPR0343-16754	218	971.889	486.222	
CAM3-GOPR0343-16754	219	969.556	486.222	
CAM3-GOPR0343-16754	220	971.889	487.778	
CAM3-GOPR0343-16754	221	970.333	487.778	
CAM3-GOPR0343-16754	222	971.889	487.778	
CAM3-GOPR0343-16754	223	971.889	487.778	
CAM3-GOPR0343-16754	224	971.889	487.778	
CAM3-GOPR0343-16754	225	971.111	489.333	
CAM3-GOPR0343-16754	226	970.333	490.111	
CAM3-GOPR0343-16754	227	971.5	488.75	
CAM3-GOPR0343-16754	228	968.875	490.5	
CAM3-GOPR0343-16754	244	965.375	492.25	
CAM3-GOPR0343-16754	245	964.111	493.222	
CAM3-GOPR0343-16754	246	965.667	493.222	
CAM3-GOPR0343-16754	247	965.667	493.222	
CAM3-GOPR0343-16754	248	963.333	494.778	
CAM3-GOPR0343-16754	249	963.333	494.778	
CAM3-GOPR0343-16754	250	963.333	494.778	
CAM3-GOPR0343-16754	251	963.333	494.778	
CAM3-GOPR0343-16754	252	964.111	496.333	
CAM3-GOPR0343-16754	253	963.333	494.778	
CAM3-GOPR0343-16754	254	963.333	494.778	
CAM3-GOPR0343-16754	255	964.111	496.333	
CAM3-GOPR0343-16754	256	963.333	494.778	
CAM3-GOPR0343-16754	257	964.111	496.333	
CAM3-GOPR0343-16754	258	964.111	496.333	
CAM3-GOPR0343-16754	259	964.111	496.333	
CAM3-GOPR0343-16754	260	964.111	496.333	
CAM3-GOPR0343-16754	261	964.111	496.333	
CAM3-GOPR0343-16754	85	979.667	462.889	
CAM3-GOPR0343-16754	88	972.667	457.444	
CAM3-GOPR0343-16754	89	979.667	462.889	
CAM3-GOPR0343-16754	95	979.667	462.889	
CAM3-GOPR0343-26692	11	930.667	597.833	
CAM3-GOPR0343-26692	112	929.5	602.5	
CAM3-GOPR0343-26692	124	934.556	594.333	
CAM3-GOPR0343-26692	125	938.833	594.333	
CAM3-GOPR0343-26692	13	1326.56	272.333	
CAM3-GOPR0343-26692	139	934	598	
CAM3-GOPR0343-26692	14	1311	266.5	
CAM3-GOPR0343-26692	15	1293.5	263.7	
CAM3-GOPR0343-26692	155	936.5	593.167	
CAM3-GOPR0343-26692	16	1275.3	260.9	
CAM3-GOPR0343-26692	166	939.125	604.25	
CAM3-GOPR0343-26692	17	1255	259.5	
CAM3-GOPR0343-26692	185	929.889	599	
CAM3-GOPR0343-26692	186	933.778	596.667	
CAM3-GOPR0343-26692	199	934.167	593.167	
CAM3-GOPR0343-26692	2	664.667	267.667	
CAM3-GOPR0343-26692	22	1164	245.5	
CAM3-GOPR0343-26692	23	1143	245.5	
CAM3-GOPR0343-26692	24	1122.7	244.1	
CAM3-GOPR0343-26692	25	1108	246.2	
CAM3-GOPR0343-26692	26	1088.4	245.5	
CAM3-GOPR0343-26692	268	933	601	
CAM3-GOPR0343-26692	32	936.5	592	
CAM3-GOPR0343-26692	35	921.333	252.111	
CAM3-GOPR0343-26692	40	936.5	595.5	
CAM3-GOPR0343-26692	41	807.875	277.875	
CAM3-GOPR0343-26692	42	805.6	277	
CAM3-GOPR0343-26692	43	782.5	281.9	
CAM3-GOPR0343-26692	44	768.889	284.778	
CAM3-GOPR0343-26692	50	685.667	312	
CAM3-GOPR0343-26692	56	618	347	
CAM3-GOPR0343-26692	69	506	368	
CAM3-GOPR0343-26692	70	498.222	363.333	
CAM3-GOPR0343-26692	71	488.5	359.6	
CAM3-GOPR0343-26692	72	483.6	354	
CAM3-GOPR0343-26692	73	475.9	349.1	
CAM3-GOPR0343-26692	74	471	347	
CAM3-GOPR0343-26692	99	933	599	
CAM3-GOPR0343-36320	123	933	601	
CAM3-GOPR0343-36320	146	934.75	596.375	
CAM3-GOPR0343-36320	147	935.1	599	
CAM3-GOPR0343-36320	148	935	594	
CAM3-GOPR0343-36320	163	939	596	
CAM3-GOPR0343-36320	201	936	594	
CAM3-GOPR0343-36320	239	929.5	599	
CAM3-GOPR0343-36320	246	934.4	596.9	
CAM3-GOPR0343-36320	256	932	599	
CAM3-GOPR0343-36320	257	934.167	596.667	
CAM3-GOPR0343-36320	47	985.889	585.778	
CAM3-GOPR0343-36320	48	985.889	585.778	
CAM3-GOPR0343-36320	49	985.889	585.778	
CAM3-GOPR0343-36320	50	984.8	587.1	
CAM3-GOPR0343-36320	51	984.1	588.5	
CAM3-GOPR0343-36320	52	984.1	588.5	
CAM3-GOPR0343-36320	53	984.1	588.5	
CAM3-GOPR0343-36320	54	984.8	588.5	
CAM3-GOPR0343-36320	55	984.333	589.667	
CAM3-GOPR0343-36320	56	984.1	590.6	
CAM3-GOPR0343-36320	57	985.111	591.222	
CAM3-GOPR0343-36320	58	985.5	592	
CAM3-GOPR0343-36320	59	985.5	592.7	
CAM3-GOPR0343-36320	60	985.5	592.7	
CAM3-GOPR0343-36320	61	985.5	592.7	
CAM3-GOPR0343-36320	62	986.9	594.1	
CAM3-GOPR0343-36320	63	984.1	594.8	
CAM3-GOPR0343-36320	64	986.2	594.1	
CAM3-GOPR0343-36320	65	986.2	597.6	
CAM3-GOPR0343-36320	66	985.5	600.4	
CAM3-GOPR0343-36320	67	988.3	602.5	
CAM3-GOPR0343-36320	68	988.3	604.6	
CAM3-GOPR0343-36320	69	989	604.6	
CAM3-GOPR0343-36320	70	989	604.6	
CAM3-GOPR0343-36320	71	990.556	605.222	
CAM3-GOPR0343-36320	73	992.111	611.444	
CAM3-GOPR0343-36320	74	991.8	611.6	
CAM3-GOPR0343-36320	75	991.8	617.2	
CAM3-GOPR0343-36320	76	993.9	620	
CAM3-GOPR0343-36320	77	991.8	625.6	
CAM3-GOPR0343-36320	78	993.9	627	
CAM3-GOPR0343-36320	79	992.5	628.4	
CAM3-GOPR0343-36320	80	986.375	627	
CAM3-GOPR0343-36320	94	935	596	
CAM3-GOPR0343-6479	10	1276.7	262.3	
CAM3-GOPR0343-6479	11	1262	259.889	
CAM3-GOPR0343-6479	111	941	596	
CAM3-GOPR0343-6479	112	940.875	592.875	
CAM3-GOPR0343-6479	113	935.625	598.125	
CAM3-GOPR0343-6479	135	932.222	596.667	
CAM3-GOPR0343-6479	148	945.444	595.111	
CAM3-GOPR0343-6479	150	936.889	597.444	
CAM3-GOPR0343-6479	151	933.875	597.25	
CAM3-GOPR0343-6479	168	939.125	592.875	
CAM3-GOPR0343-6479	18	1129.7	248.3	
CAM3-GOPR0343-6479	186	678	282	
CAM3-GOPR0343-6479	19	1111.5	249.7	
CAM3-GOPR0343-6479	191	942	593	
CAM3-GOPR0343-6479	193	933.778	601.333	
CAM3-GOPR0343-6479	20	1087.7	249.7	
CAM3-GOPR0343-6479	204	940	598	
CAM3-GOPR0343-6479	21	1069.11	252.111	
CAM3-GOPR0343-6479	210	941.75	595.5	
CAM3-GOPR0343-6479	214	934.75	599	
CAM3-GOPR0343-6479	215	940.875	592.875	
CAM3-GOPR0343-6479	217	929	603	
CAM3-GOPR0343-6479	22	1059.7	251.8	
CAM3-GOPR0343-6479	227	936	599	
CAM3-GOPR0343-6479	228	933	599	
CAM3-GOPR0343-6479	23	1027.89	255.222	
CAM3-GOPR0343-6479	232	935.333	595.111	
CAM3-GOPR0343-6479	24	1015.6	256	
CAM3-GOPR0343-6479	241	931.444	600.556	
CAM3-GOPR0343-6479	248	936.5	595.5	
CAM3-GOPR0343-6479	25	998.1	258.8	
CAM3-GOPR0343-6479	250	940.778	596.667	
CAM3-GOPR0343-6479	26	976.556	259.889	
CAM3-GOPR0343-6479	29	924.6	272.1	
CAM3-GOPR0343-6479	32	848.125	284	
CAM3-GOPR0343-6479	34	823.333	295.667	
CAM3-GOPR0343-6479	36	794.556	298	
CAM3-GOPR0343-6479	37	777.444	304.222	
CAM3-GOPR0343-6479	38	751	317.25	
CAM3-GOPR0343-6479	39	730	317.6	
CAM3-GOPR0343-6479	43	683.625	354.875	
CAM3-GOPR0343-6479	44	665.444	359.444	
CAM3-GOPR0343-6479	47	625	389	
CAM3-GOPR0343-6479	48	609.25	400.375	
CAM3-GOPR0343-6479	54	537.5	455.5	
CAM3-GOPR0343-6479	55	530.111	465.222	
CAM3-GOPR0343-6479	59	485	476.5	
CAM3-GOPR0343-6479	63	935.625	600.75	
CAM3-GOPR0343-6479	8	1314.5	267.2	
CAM3-GOPR0343-6479	9	1297	266.111	
CAM3-GOPR0343-6479	92	939.125	590.25	
